70.30	 -10.60	 28.30
70.50	 -10.00	 28.00
70.80	 -9.60	 28.00
70.80	 -10.20	 27.90
70.30	 -9.90	 28.50
69.90	 -10.50	 29.20
70.30	 -10.00	 28.50
71.50	 -10.50	 28.60
70.00	 -9.60	 28.20
70.50	 -9.60	 28.50
69.10	 -9.90	 28.50
70.20	 -9.70	 28.20
70.60	 -10.00	 28.30
70.50	 -9.40	 28.60
69.60	 -9.40	 28.00
69.70	 -9.10	 28.50
70.30	 -9.90	 28.80
70.30	 -10.00	 28.20
70.20	 -9.10	 28.60
69.70	 -10.20	 28.80
70.30	 -10.50	 27.90
70.20	 -8.70	 28.60
70.50	 -10.00	 28.20
70.50	 -10.00	 28.30
69.90	 -9.30	 28.90
70.60	 -10.00	 28.80
69.90	 -9.40	 28.00
70.80	 -10.00	 28.80
70.80	 -9.60	 28.80
70.30	 -9.00	 28.90
71.80	 -9.60	 28.30
71.10	 -9.10	 27.70
70.20	 -9.10	 28.50
70.60	 -9.10	 28.30
70.50	 -9.60	 27.40
70.50	 -10.20	 27.60
70.80	 -9.90	 28.00
71.70	 -9.70	 27.70
71.50	 -10.00	 27.30
70.90	 -9.60	 26.70
71.40	 -9.60	 27.30
71.50	 -9.90	 27.70
72.00	 -9.60	 27.00
71.20	 -9.30	 27.30
70.90	 -9.70	 26.40
71.50	 -8.40	 27.70
72.10	 -8.80	 26.80
71.10	 -9.90	 27.40
72.30	 -8.80	 27.40
72.00	 -8.70	 26.70
72.90	 -8.70	 27.10
73.00	 -9.30	 27.00
72.00	 -9.00	 26.80
72.30	 -8.50	 27.00
73.30	 -7.90	 26.50
74.10	 -8.40	 27.10
73.00	 -8.20	 28.00
73.80	 -7.20	 27.40
73.00	 -6.30	 27.60
73.80	 -5.80	 27.70
72.90	 -4.80	 27.30
73.60	 -4.30	 28.20
73.80	 -4.00	 28.30
73.60	 -1.90	 28.50
73.30	 -0.70	 28.80
73.30	 0.60	 29.40
73.20	 1.50	 29.80
73.30	 2.80	 30.00
72.40	 2.40	 30.30
72.30	 5.10	 30.00
72.70	 6.60	 30.40
72.40	 8.70	 29.20
73.20	 10.20	 29.80
72.70	 10.90	 28.90
72.10	 12.70	 28.90
72.90	 14.40	 28.90
72.00	 15.40	 28.30
71.80	 16.90	 27.90
72.70	 16.60	 26.80
71.80	 17.80	 27.10
71.10	 18.40	 27.40
70.90	 18.90	 26.40
71.10	 20.20	 27.70
71.70	 20.70	 26.40
71.40	 20.50	 26.80
70.60	 21.00	 26.40
70.50	 21.10	 26.50
70.90	 21.40	 26.80
70.30	 22.50	 25.20
69.90	 22.80	 27.00
69.60	 22.00	 26.40
69.70	 22.30	 26.70
69.70	 22.20	 25.20
69.30	 22.00	 26.80
69.10	 22.00	 25.30
69.60	 22.60	 27.40
69.40	 22.90	 26.70
69.10	 22.20	 26.70
69.60	 22.50	 27.30
68.20	 21.90	 27.60
68.10	 22.30	 27.40
68.50	 22.60	 27.70
67.60	 23.20	 28.30
67.50	 22.50	 28.20
67.60	 22.50	 28.50
67.50	 21.90	 28.60
67.50	 21.70	 28.80
67.00	 22.60	 28.30
67.90	 23.10	 27.90
67.20	 21.70	 28.20
66.70	 23.10	 28.90
66.40	 21.30	 29.80
65.80	 22.50	 30.00
67.00	 21.60	 29.10
65.70	 21.90	 29.80
66.00	 22.20	 29.80
65.10	 21.70	 31.20
65.80	 21.90	 30.60
64.60	 21.60	 31.80
64.50	 21.40	 32.10
64.80	 21.70	 31.30
64.60	 22.20	 32.10
64.60	 21.00	 32.20
64.00	 21.30	 32.80
63.60	 21.90	 33.30
63.40	 21.70	 33.30
63.60	 22.20	 33.90
62.70	 20.80	 33.70
62.20	 21.90	 34.80
61.90	 22.90	 33.30
61.50	 22.00	 34.30
60.70	 22.30	 34.30
59.40	 21.90	 35.40
60.70	 22.80	 34.50
60.00	 21.90	 35.20
60.00	 23.10	 35.10
60.00	 21.60	 34.50
57.70	 22.20	 34.80
57.60	 22.50	 35.70
57.30	 22.60	 36.60
57.40	 22.00	 37.00
56.50	 22.60	 37.60
56.10	 21.10	 37.90
54.60	 21.10	 38.10
54.40	 21.00	 38.50
53.80	 20.40	 38.70
53.10	 22.00	 39.10
50.50	 21.10	 39.90
50.40	 20.50	 38.80
49.80	 20.10	 40.20
48.60	 19.30	 40.50
48.00	 20.50	 40.50
47.70	 19.90	 40.90
47.10	 19.90	 40.80
46.50	 20.10	 40.90
45.00	 19.00	 40.80
43.80	 18.40	 41.40
42.10	 18.70	 42.10
42.10	 18.00	 41.10
41.40	 16.60	 42.10
40.80	 16.60	 43.30
40.60	 16.00	 42.00
40.60	 16.80	 42.40
40.20	 15.00	 43.50
38.20	 15.00	 43.00
38.10	 13.60	 42.90
37.80	 12.60	 42.70
37.00	 12.60	 43.00
35.80	 12.60	 43.60
35.10	 12.00	 42.70
35.40	 10.80	 43.50
34.50	 10.60	 43.20
34.90	 10.30	 43.30
33.60	 9.10	 43.50
34.00	 8.20	 43.20
33.70	 7.50	 43.80
33.40	 6.70	 43.50
33.30	 5.50	 43.50
33.90	 4.30	 43.50
33.60	 4.60	 43.90
34.20	 3.40	 43.50
32.50	 3.30	 43.60
32.80	 3.10	 42.90
32.10	 2.10	 42.30
32.10	 1.20	 42.90
31.50	 1.20	 42.40
31.00	 0.70	 43.00
32.80	 -0.10	 42.60
32.10	 -0.60	 42.30
31.30	 0.40	 42.90
31.20	 -0.60	 41.40
31.20	 -1.00	 42.60
31.80	 -1.00	 42.00
31.00	 -1.50	 42.30
31.00	 -2.50	 41.50
31.90	 -2.40	 41.80
31.50	 -4.00	 42.30
31.50	 -4.80	 42.00
31.30	 -5.50	 40.90
32.10	 -5.80	 40.90
32.10	 -6.10	 40.80
33.00	 -7.20	 40.80
33.00	 -8.10	 40.50
32.10	 -8.80	 40.00
32.80	 -10.00	 38.20
33.30	 -11.20	 39.00
34.30	 -13.20	 37.60
34.30	 -14.10	 37.50
34.80	 -15.30	 36.10
36.60	 -17.10	 35.70
37.00	 -19.30	 35.10
38.10	 -20.50	 34.20
38.20	 -21.00	 32.80
40.80	 -21.60	 32.70
40.90	 -22.80	 31.00
42.90	 -23.50	 29.80
43.30	 -23.70	 30.10
46.00	 -25.20	 27.10
47.70	 -25.60	 26.80
48.00	 -26.10	 25.20
49.20	 -26.80	 24.60
49.60	 -27.30	 22.80
51.70	 -28.30	 21.60
52.60	 -28.30	 21.40
53.70	 -28.00	 19.60
54.70	 -28.20	 18.60
55.30	 -28.00	 17.50
56.10	 -28.60	 15.90
58.00	 -29.50	 15.30
57.30	 -28.50	 14.20
58.30	 -28.20	 13.00
58.60	 -28.00	 12.30
60.90	 -27.90	 12.10
60.60	 -27.90	 11.10
61.60	 -27.10	 10.60
61.50	 -26.40	 9.90
61.80	 -27.60	 8.10
62.10	 -26.80	 7.30
62.20	 -27.30	 7.00
63.40	 -26.80	 6.30
64.30	 -26.80	 4.90
63.90	 -25.90	 4.00
64.80	 -25.30	 2.50
64.80	 -25.30	 2.40
65.40	 -25.00	 1.80
65.70	 -24.30	 0.90
66.10	 -24.60	 0.60
65.80	 -24.30	 -0.30
66.40	 -23.70	 -0.60
66.70	 -23.70	 -2.10
66.40	 -23.20	 -2.10
67.00	 -23.20	 -3.40
67.60	 -21.60	 -3.90
67.20	 -22.50	 -4.00
67.20	 -22.00	 -4.90
69.10	 -20.80	 -4.80
68.40	 -21.00	 -6.70
68.80	 -19.80	 -6.40
69.60	 -19.60	 -8.10
68.70	 -18.70	 -8.50
68.70	 -18.10	 -9.60
69.70	 -17.70	 -9.70
69.10	 -17.70	 -10.30
69.60	 -16.60	 -11.40
69.60	 -16.80	 -11.20
68.50	 -16.00	 -12.90
69.60	 -14.80	 -12.30
70.00	 -15.10	 -13.90
68.80	 -13.80	 -15.40
69.00	 -13.30	 -15.00
69.70	 -13.30	 -15.90
69.30	 -12.00	 -15.90
70.20	 -12.00	 -16.90
68.80	 -11.50	 -17.40
69.70	 -10.00	 -18.00
69.10	 -8.80	 -18.10
69.60	 -9.00	 -18.60
69.00	 -7.90	 -18.90
69.40	 -7.50	 -18.90
70.00	 -6.10	 -19.80
70.20	 -5.40	 -19.30
69.70	 -4.30	 -20.10
69.30	 -4.20	 -21.00
69.10	 -3.00	 -21.90
69.60	 -2.40	 -21.60
68.50	 -1.30	 -20.80
69.90	 -0.60	 -22.30
68.20	 -0.40	 -21.70
68.80	 1.00	 -21.90
69.00	 1.80	 -22.30
68.80	 1.50	 -22.30
68.80	 2.70	 -22.00
68.20	 3.40	 -23.10
68.70	 4.20	 -23.50
67.20	 5.10	 -23.40
67.30	 5.20	 -24.10
68.20	 6.60	 -23.80
67.60	 7.00	 -24.00
66.60	 8.10	 -24.10
66.40	 7.90	 -24.00
66.70	 9.60	 -23.20
65.80	 9.70	 -23.40
65.70	 10.90	 -24.60
66.00	 10.30	 -23.40
66.30	 11.70	 -24.10
65.40	 13.50	 -23.80
65.80	 14.10	 -24.00
64.50	 15.00	 -23.70
64.90	 15.40	 -23.80
64.30	 17.10	 -23.50
64.50	 16.60	 -24.00
64.00	 17.20	 -23.40
63.90	 18.30	 -23.50
64.50	 18.90	 -23.80
63.70	 19.60	 -22.80
63.30	 20.40	 -22.90
63.70	 20.80	 -22.90
63.10	 22.60	 -22.00
62.10	 22.50	 -22.00
61.50	 23.50	 -22.00
62.10	 23.40	 -20.80
62.40	 24.30	 -21.10
61.50	 25.60	 -20.40
61.80	 26.70	 -19.00
61.90	 27.60	 -19.90
61.20	 28.00	 -18.40
61.00	 29.20	 -18.90
61.50	 28.30	 -18.00
60.90	 28.60	 -17.40
60.90	 30.70	 -16.30
59.20	 31.30	 -16.90
60.10	 31.90	 -15.00
60.10	 32.80	 -14.20
59.70	 33.30	 -14.40
59.70	 33.40	 -13.00
58.80	 33.90	 -12.00
59.80	 35.40	 -11.20
58.60	 34.60	 -10.90
59.40	 36.00	 -10.90
58.90	 35.50	 -9.30
59.20	 36.60	 -7.50
58.90	 37.00	 -7.90
58.60	 37.90	 -6.60
58.80	 38.20	 -6.40
57.70	 39.70	 -5.50
58.20	 38.50	 -4.30
58.30	 39.70	 -3.10
58.60	 39.30	 -2.20
57.10	 39.60	 -0.70
56.80	 40.30	 -0.70
58.50	 40.90	 0.30
57.40	 40.50	 0.70
57.30	 41.10	 1.50
56.50	 41.40	 2.70
55.80	 42.10	 3.40
56.20	 40.80	 4.90
56.20	 41.20	 6.30
55.60	 42.00	 6.60
55.00	 42.10	 7.30
54.60	 42.00	 8.20
54.00	 42.60	 8.20
54.00	 42.30	 8.20
53.80	 42.10	 10.00
53.70	 42.10	 11.10
53.70	 42.30	 11.50
54.40	 41.50	 12.10
52.90	 41.40	 13.00
53.10	 42.40	 13.20
52.80	 41.80	 13.30
53.40	 42.00	 14.80
52.30	 41.70	 15.00
51.90	 41.10	 15.60
52.00	 42.60	 16.00
52.50	 42.10	 16.60
52.30	 40.90	 16.50
52.50	 41.70	 17.80
51.70	 41.50	 18.30
52.20	 40.90	 18.60
52.20	 42.00	 19.20
50.70	 41.50	 18.60
50.70	 40.90	 18.40
50.50	 40.60	 19.90
51.60	 41.10	 19.20
50.20	 41.70	 20.20
51.00	 40.20	 21.30
50.50	 41.10	 21.90
50.80	 40.80	 21.40
50.20	 40.00	 22.50
49.90	 40.20	 21.70
50.70	 40.50	 22.50
49.60	 40.50	 21.60
50.10	 40.30	 22.20
49.90	 40.90	 22.30
49.00	 40.20	 23.80
49.50	 40.50	 22.60
48.90	 38.80	 23.70
49.60	 40.30	 23.80
49.60	 40.20	 23.80
49.30	 40.20	 24.10
48.10	 39.90	 24.00
48.00	 39.60	 24.10
48.40	 40.20	 24.70
47.80	 39.90	 25.20
48.40	 39.90	 25.00
46.50	 40.00	 25.00
47.50	 40.50	 24.90
46.90	 39.60	 24.30
46.90	 39.70	 25.00
47.10	 40.00	 24.60
46.90	 39.40	 24.10
46.00	 40.50	 25.20
47.80	 40.00	 24.90
47.10	 39.70	 26.10
46.60	 39.90	 26.10
46.20	 39.40	 25.60
45.00	 39.70	 26.50
45.70	 39.60	 25.90
45.60	 40.50	 25.20
45.40	 39.40	 25.00
44.50	 39.70	 25.00
45.70	 40.20	 24.90
44.80	 40.30	 25.20
45.00	 40.50	 25.20
44.70	 40.00	 24.70
44.10	 40.20	 25.80
43.90	 40.30	 25.00
44.10	 40.60	 24.60
43.60	 40.80	 25.30
43.80	 39.40	 25.00
43.20	 41.70	 24.70
43.50	 41.20	 25.00
43.50	 41.10	 24.00
43.00	 41.80	 23.80
42.40	 40.80	 23.40
42.30	 41.70	 23.10
42.30	 41.20	 23.40
42.70	 42.00	 23.40
41.80	 41.20	 22.30
41.70	 41.80	 22.80
41.20	 42.00	 22.00
41.80	 43.20	 21.60
40.80	 43.00	 20.70
40.60	 43.20	 20.20
40.90	 44.10	 19.60
40.80	 43.60	 18.60
40.00	 43.50	 18.60
41.20	 43.00	 18.70
41.20	 43.90	 17.20
41.40	 44.20	 15.90
41.80	 44.70	 15.00
42.10	 44.80	 15.40
41.20	 45.00	 14.40
42.60	 44.50	 13.90
43.20	 45.30	 13.50
42.10	 45.70	 13.50
42.60	 45.00	 11.70
42.70	 45.30	 12.60
43.50	 44.80	 11.20
42.70	 45.40	 11.10
42.10	 45.90	 10.90
42.30	 45.90	 10.20
43.50	 45.70	 10.30
42.90	 45.70	 9.40
43.30	 46.20	 8.40
43.80	 46.20	 8.10
43.00	 46.30	 7.80
44.40	 45.60	 6.70
43.20	 46.50	 6.00
43.80	 45.60	 7.00
43.20	 46.30	 5.10
43.00	 46.30	 5.70
44.40	 46.80	 6.10
44.40	 44.80	 6.10
44.20	 45.00	 6.00
45.00	 46.20	 5.70
44.40	 46.00	 4.50
43.60	 45.90	 3.00
43.30	 45.90	 3.10
43.90	 46.50	 1.90
43.50	 47.20	 1.50
44.20	 45.70	 2.20
43.30	 45.30	 1.50
44.70	 45.60	 1.30
45.30	 45.10	 0.60
44.10	 45.60	 -0.10
45.00	 45.40	 -0.40
45.70	 46.20	 -1.60
45.70	 45.40	 -2.70
46.30	 44.40	 -4.60
45.60	 44.20	 -6.00
46.60	 43.20	 -7.80
45.70	 43.60	 -9.30
46.60	 43.60	 -10.00
46.80	 43.00	 -10.60
46.00	 43.00	 -10.90
46.90	 42.90	 -11.40
47.20	 42.70	 -11.50
46.50	 41.80	 -12.10
48.40	 42.00	 -12.70
48.40	 41.70	 -13.90
48.30	 42.00	 -14.70
48.30	 41.20	 -16.20
48.90	 39.00	 -17.70
49.90	 38.10	 -19.20
50.50	 37.90	 -20.40
51.60	 36.90	 -20.10
51.70	 36.00	 -22.00
52.30	 34.90	 -21.60
52.60	 34.30	 -21.90
53.10	 34.60	 -22.90
54.30	 34.90	 -22.00
53.50	 33.10	 -22.90
54.70	 34.30	 -22.00
54.90	 33.30	 -22.60
55.20	 33.10	 -21.90
55.30	 33.30	 -22.80
54.70	 32.20	 -23.50
55.80	 32.20	 -24.00
55.00	 31.30	 -24.00
56.80	 30.00	 -24.90
56.80	 29.40	 -24.60
57.60	 28.20	 -25.20
58.00	 28.50	 -25.90
58.90	 27.30	 -25.60
60.10	 27.40	 -24.90
59.50	 26.40	 -26.70
59.80	 26.20	 -26.10
60.40	 26.10	 -26.20
60.40	 25.60	 -26.20
61.50	 25.20	 -26.20
61.60	 23.10	 -26.70
62.50	 22.50	 -27.00
62.40	 22.00	 -26.50
63.30	 21.00	 -26.40
64.20	 21.10	 -26.80
64.50	 20.50	 -26.40
64.20	 20.10	 -27.10
64.80	 21.10	 -27.30
65.40	 19.90	 -27.30
64.60	 19.80	 -27.00
64.90	 18.40	 -27.10
65.70	 18.70	 -27.00
66.40	 17.50	 -27.70
66.10	 17.20	 -26.70
66.60	 16.30	 -27.10
68.10	 15.70	 -27.30
68.20	 13.90	 -26.70
68.10	 13.90	 -26.20
68.80	 13.50	 -26.70
68.80	 13.00	 -26.20
68.50	 13.20	 -27.10
68.20	 13.00	 -26.80
69.60	 12.60	 -26.40
69.70	 12.10	 -26.80
68.40	 11.10	 -26.10
70.00	 11.10	 -26.10
70.20	 9.90	 -26.50
70.30	 10.30	 -26.40
71.10	 8.40	 -26.70
71.40	 9.30	 -26.10
71.20	 9.10	 -26.10
71.10	 9.10	 -26.10
70.90	 8.50	 -26.70
71.50	 7.90	 -26.70
71.50	 7.80	 -25.60
70.50	 7.80	 -25.90
71.20	 6.60	 -25.00
71.40	 6.30	 -25.20
71.50	 6.30	 -25.50
72.40	 6.30	 -25.50
72.40	 5.80	 -25.50
72.10	 5.80	 -25.60
72.70	 4.60	 -24.70
72.70	 4.90	 -25.50
73.50	 4.30	 -24.90
73.20	 4.50	 -25.20
73.50	 5.10	 -24.30
74.10	 4.80	 -24.70
73.20	 4.50	 -24.40
73.00	 4.90	 -24.00
73.80	 4.20	 -24.30
74.80	 4.30	 -24.00
73.80	 3.90	 -24.60
74.40	 4.60	 -24.10
74.10	 4.60	 -24.10
74.40	 4.00	 -23.50
74.10	 4.00	 -24.40
73.20	 4.50	 -23.50
73.80	 4.90	 -24.10
74.40	 5.40	 -25.20
73.60	 4.60	 -24.00
74.10	 5.10	 -24.70
75.40	 5.40	 -24.10
74.10	 5.20	 -24.10
74.70	 5.50	 -23.80
74.40	 4.60	 -24.60
74.40	 6.00	 -23.80
75.10	 4.30	 -23.70
74.50	 6.00	 -24.00
75.40	 5.20	 -24.10
73.80	 6.30	 -25.30
73.30	 6.40	 -24.40
74.10	 7.80	 -25.00
74.70	 6.90	 -24.90
74.40	 7.60	 -25.00
74.50	 8.50	 -24.60
74.20	 7.50	 -25.20
73.50	 9.00	 -25.20
74.20	 8.80	 -24.60
74.70	 9.10	 -25.20
74.20	 9.90	 -23.80
75.10	 8.70	 -24.60
75.30	 9.70	 -25.00
74.70	 9.90	 -24.60
74.10	 10.60	 -24.40
73.30	 11.20	 -25.00
74.50	 11.10	 -24.00
75.10	 11.70	 -23.50
73.60	 11.50	 -24.10
74.50	 13.50	 -24.00
74.10	 12.90	 -23.70
74.20	 13.30	 -24.10
73.80	 14.10	 -23.80
74.10	 14.80	 -24.00
73.90	 15.00	 -23.20
73.80	 15.00	 -23.50
72.90	 15.30	 -24.00
73.80	 16.20	 -23.70
73.50	 15.60	 -24.10
73.50	 17.50	 -23.80
73.50	 16.80	 -23.40
73.80	 16.90	 -22.00
72.90	 17.70	 -22.90
73.00	 17.40	 -22.50
74.10	 18.10	 -22.80
73.30	 19.00	 -23.20
74.20	 18.60	 -21.40
73.00	 19.20	 -21.70
73.20	 19.50	 -21.30
73.80	 19.80	 -21.00
73.90	 21.00	 -20.80
73.50	 20.80	 -20.50
72.90	 21.40	 -20.10
72.30	 22.60	 -20.70
72.70	 22.60	 -20.50
72.30	 22.20	 -19.50
72.70	 22.20	 -19.60
72.40	 23.10	 -19.30
71.80	 23.40	 -19.20
73.20	 24.40	 -19.50
71.50	 24.90	 -18.40
72.60	 26.10	 -16.90
72.70	 25.60	 -17.70
71.70	 25.50	 -18.60
72.00	 26.70	 -17.70
72.90	 26.70	 -16.90
72.30	 26.70	 -16.20
71.40	 26.70	 -16.20
71.70	 28.00	 -15.30
72.30	 28.50	 -16.00
71.40	 28.50	 -15.70
71.40	 29.20	 -15.00
71.40	 28.90	 -14.70
71.40	 28.80	 -14.40
71.10	 30.00	 -14.10
71.80	 29.50	 -12.70
70.90	 28.60	 -13.50
70.80	 31.00	 -13.00
70.80	 30.90	 -12.90
71.20	 30.60	 -12.40
70.00	 31.20	 -12.00
69.30	 31.20	 -11.20
70.50	 31.20	 -10.60
71.20	 31.80	 -10.20
70.50	 32.80	 -10.20
70.30	 32.80	 -10.00
70.80	 32.70	 -9.70
69.90	 32.40	 -8.80
69.90	 33.30	 -8.50
70.20	 33.70	 -8.10
69.70	 32.20	 -8.10
69.60	 34.00	 -7.00
70.00	 33.40	 -7.30
69.60	 33.70	 -5.80
68.80	 33.40	 -6.10
68.40	 33.90	 -5.80
69.40	 33.60	 -6.00
69.30	 33.60	 -4.60
69.40	 34.80	 -5.70
69.90	 34.20	 -4.50
69.00	 35.50	 -4.60
68.70	 35.70	 -3.30
68.70	 34.30	 -4.20
69.60	 33.70	 -2.70
68.80	 35.10	 -3.40
68.50	 35.50	 -2.70
68.50	 34.80	 -2.70
68.70	 35.40	 -2.40
67.90	 35.10	 -1.90
69.10	 35.70	 -1.50
67.80	 35.70	 -1.30
68.40	 36.00	 -1.50
67.00	 35.80	 -1.30
67.90	 36.90	 -1.60
68.10	 35.70	 0.00
67.80	 37.30	 -1.00
67.20	 35.80	 -0.70
67.90	 36.30	 -0.60
66.30	 35.50	 -0.70
66.90	 36.90	 -0.40
65.80	 36.40	 -0.10
67.00	 35.70	 -0.30
65.70	 37.00	 0.00
66.00	 36.00	 0.30
65.10	 36.30	 0.00
65.40	 36.40	 0.70
65.50	 37.00	 -0.10
65.10	 36.90	 0.40
65.50	 36.70	 0.90
65.40	 36.90	 0.90
65.80	 37.50	 1.80
65.50	 36.60	 1.60
65.80	 36.70	 2.50
64.90	 36.60	 3.30
66.10	 36.70	 3.00
65.80	 36.70	 3.30
64.80	 37.30	 3.70
64.50	 36.10	 3.30
64.50	 36.60	 3.10
65.20	 36.60	 3.40
64.80	 37.50	 3.90
64.30	 37.20	 4.80
64.30	 37.00	 3.60
64.20	 38.10	 3.30
64.20	 38.50	 3.70
64.00	 37.20	 3.70
63.30	 37.80	 4.00
63.00	 38.50	 4.20
62.80	 37.50	 3.90
63.70	 38.10	 3.70
62.20	 37.90	 4.60
63.40	 37.30	 3.40
63.60	 37.50	 4.00
63.00	 37.60	 4.00
62.70	 38.40	 3.60
63.90	 37.80	 3.60
62.40	 37.20	 2.80
62.70	 38.10	 2.20
63.30	 36.90	 2.70
63.60	 37.20	 2.70
62.80	 37.20	 2.50
62.40	 37.60	 2.70
63.30	 36.90	 3.00
63.60	 36.40	 2.50
63.10	 37.00	 1.60
63.00	 36.70	 3.00
63.30	 36.30	 2.20
63.10	 37.80	 1.80
62.80	 36.60	 2.50
63.70	 36.70	 3.00
63.40	 36.40	 3.30
63.90	 36.70	 2.70
63.90	 36.70	 2.50
63.10	 36.40	 2.10
63.60	 35.50	 2.10
63.90	 35.70	 2.20
63.60	 36.70	 3.00
62.80	 36.10	 1.90
63.00	 36.10	 1.60
64.00	 35.70	 1.50
63.70	 35.80	 2.10
63.90	 36.40	 1.50
63.40	 37.80	 1.80
63.30	 36.90	 2.10
63.70	 36.60	 2.40
62.20	 37.00	 3.10
62.50	 37.00	 2.20
63.60	 36.70	 2.70
62.40	 37.20	 2.70
63.40	 37.00	 2.10
63.00	 36.60	 3.10
62.80	 36.90	 2.50
62.80	 36.60	 3.10
62.70	 37.20	 3.00
63.40	 37.00	 2.80
62.10	 36.30	 2.80
62.70	 36.40	 3.30
63.30	 36.60	 3.70
63.40	 38.10	 4.00
62.80	 37.20	 4.00
62.40	 36.70	 4.50
63.00	 37.50	 4.30
63.40	 37.20	 4.00
63.60	 35.80	 4.30
63.30	 36.00	 3.70
63.40	 36.10	 4.90
63.70	 36.40	 5.40
63.00	 36.70	 6.00
63.30	 36.30	 7.00
62.80	 35.80	 7.20
62.70	 36.60	 7.30
62.40	 36.30	 7.80
62.40	 35.80	 9.30
62.10	 36.60	 9.10
61.80	 36.40	 10.20
63.00	 35.70	 11.40
62.20	 36.10	 11.80
62.70	 36.30	 13.60
61.60	 35.70	 14.70
62.10	 35.20	 15.10
62.10	 34.30	 17.10
61.30	 35.20	 18.70
60.30	 34.90	 19.50
59.80	 34.80	 21.10
58.80	 34.60	 20.70
59.10	 34.90	 22.20
59.10	 34.00	 21.60
58.30	 34.30	 22.50
57.30	 34.00	 22.90
58.80	 33.10	 23.50
57.40	 33.30	 24.60
56.20	 32.70	 25.30
56.40	 32.40	 26.80
55.20	 32.20	 27.30
54.70	 32.20	 27.70
54.10	 33.40	 28.30
53.50	 33.40	 27.40
53.50	 32.20	 26.70
53.20	 33.40	 27.00
53.10	 33.90	 26.70
54.00	 33.30	 25.90
53.40	 33.90	 27.00
54.10	 33.70	 26.70
53.10	 34.30	 26.20
53.50	 33.10	 25.90
54.00	 33.40	 26.70
53.20	 34.00	 26.70
53.40	 33.90	 26.40
53.10	 33.70	 26.70
52.80	 34.30	 26.70
52.50	 34.00	 25.80
52.80	 34.80	 25.80
52.90	 35.20	 25.60
52.20	 34.60	 25.30
52.80	 34.80	 25.60
52.50	 34.00	 25.30
52.80	 34.60	 25.90
53.10	 34.30	 26.20
52.90	 33.70	 26.50
52.00	 34.00	 27.40
52.50	 33.40	 28.00
52.00	 33.40	 27.60
51.70	 33.00	 28.50
51.10	 33.30	 28.20
51.60	 33.00	 28.60
50.80	 33.30	 28.30
50.50	 33.10	 29.40
50.20	 33.90	 28.50
49.90	 33.00	 29.20
50.20	 33.30	 29.80
50.10	 32.40	 30.70
49.90	 33.00	 30.40
49.80	 31.90	 31.00
49.30	 31.50	 31.50
49.60	 32.10	 32.10
49.30	 30.90	 31.80
48.70	 31.00	 31.80
49.60	 31.00	 31.90
49.90	 30.60	 32.20
50.10	 29.80	 32.70
49.50	 31.90	 33.00
49.80	 30.30	 33.10
49.20	 29.70	 33.60
49.00	 30.60	 33.90
48.40	 30.00	 33.60
48.60	 29.80	 33.10
49.00	 29.40	 33.10
48.70	 30.00	 33.10
48.10	 30.70	 34.00
48.90	 29.20	 33.60
48.70	 29.80	 34.00
49.30	 27.90	 34.20
49.00	 28.50	 34.80
48.40	 28.00	 35.40
46.60	 27.90	 34.80
47.10	 28.50	 35.50
47.80	 28.80	 36.30
47.40	 28.20	 34.80
47.50	 28.00	 35.10
46.80	 27.90	 36.30
46.90	 26.10	 36.30
46.90	 25.90	 36.30
45.60	 25.30	 36.90
46.30	 26.10	 37.90
46.30	 24.60	 38.40
46.00	 24.30	 37.30
44.80	 24.60	 38.50
44.10	 24.00	 38.80
44.70	 23.50	 39.10
44.10	 22.50	 39.30
44.10	 21.70	 39.70
43.80	 21.00	 40.00
43.80	 21.70	 40.60
43.20	 21.30	 40.50
43.30	 19.20	 40.50
43.50	 19.30	 41.40
43.00	 19.20	 41.40
43.30	 17.70	 40.80
43.20	 19.00	 41.80
42.60	 17.40	 42.40
42.40	 17.40	 41.10
43.20	 17.70	 41.70
42.30	 16.30	 42.10
42.40	 15.60	 41.70
42.30	 14.20	 42.00
42.30	 14.70	 43.00
43.60	 12.90	 43.20
43.20	 13.50	 42.40
43.00	 12.90	 43.00
42.70	 12.90	 42.70
43.20	 11.40	 42.70
42.90	 11.50	 43.30
43.60	 11.50	 42.70
42.90	 11.40	 44.20
43.30	 9.70	 43.80
42.90	 10.60	 43.60
41.70	 10.00	 42.90
42.00	 8.70	 43.60
42.10	 7.80	 43.90
41.50	 7.30	 43.80
40.90	 6.00	 43.20
40.90	 5.80	 43.90
39.60	 5.40	 43.80
39.40	 5.10	 44.40
39.30	 5.10	 43.90
40.00	 5.10	 43.90
38.40	 4.20	 43.90
38.20	 3.30	 43.20
38.40	 3.10	 44.10
36.40	 2.40	 43.60
37.60	 1.80	 43.20
36.90	 0.90	 43.20
36.30	 0.10	 43.20
35.80	 0.00	 43.30
35.80	 -0.10	 43.60
35.20	 -0.10	 43.60
35.10	 -0.10	 43.50
34.30	 -0.60	 42.70
34.50	 -0.70	 43.20
34.60	 -1.60	 42.40
33.60	 -1.50	 42.00
33.40	 -1.90	 42.60
32.70	 -2.70	 42.00
33.10	 -4.30	 42.70
32.20	 -6.40	 41.80
32.40	 -5.20	 41.80
33.00	 -4.60	 42.00
32.80	 -6.60	 42.00
32.50	 -6.70	 42.00
32.20	 -6.00	 41.20
31.20	 -6.60	 41.20
31.90	 -7.30	 41.20
30.90	 -7.20	 41.20
30.70	 -8.50	 41.50
30.60	 -8.40	 40.60
30.30	 -9.00	 41.70
30.60	 -8.10	 41.10
29.70	 -8.10	 40.20
29.20	 -7.80	 40.20
29.70	 -8.80	 41.20
28.90	 -9.10	 40.00
28.50	 -10.50	 39.90
26.80	 -10.20	 39.10
27.60	 -11.20	 39.60
27.30	 -12.30	 38.20
26.80	 -11.80	 38.20
26.70	 -12.30	 37.90
27.00	 -12.40	 37.60
26.20	 -13.60	 37.00
25.90	 -13.30	 36.30
25.80	 -13.80	 36.10
25.60	 -14.10	 35.40
25.80	 -14.80	 35.50
25.80	 -15.60	 35.20
24.40	 -16.50	 34.60
24.70	 -16.50	 33.40
24.60	 -16.50	 33.40
24.30	 -17.10	 33.40
23.80	 -18.40	 32.50
23.40	 -18.30	 33.00
23.50	 -17.70	 32.70
23.50	 -18.30	 33.40
23.80	 -17.50	 32.80
23.10	 -18.40	 33.00
24.60	 -18.00	 32.70
23.80	 -18.40	 32.70
23.50	 -18.30	 32.80
25.00	 -18.10	 33.30
24.00	 -17.80	 33.10
25.90	 -18.90	 33.40
24.30	 -18.10	 33.00
25.80	 -18.00	 33.70
23.70	 -17.70	 32.10
24.90	 -18.10	 33.30
25.00	 -17.20	 34.20
24.90	 -17.50	 33.40
25.50	 -18.00	 34.90
25.00	 -17.50	 32.80
25.90	 -18.30	 34.20
25.20	 -18.00	 33.70
25.20	 -17.80	 34.00
25.20	 -17.70	 34.50
26.40	 -17.40	 34.30
25.60	 -16.50	 35.20
25.50	 -15.60	 35.10
27.00	 -15.70	 35.80
26.20	 -16.00	 36.00
26.70	 -15.60	 36.60
26.40	 -15.40	 36.30
28.20	 -15.10	 36.70
27.70	 -15.70	 36.10
27.30	 -14.80	 37.30
28.20	 -14.70	 37.60
27.70	 -14.20	 37.00
28.20	 -14.10	 36.90
28.30	 -14.10	 37.60
29.10	 -14.10	 38.40
28.60	 -13.00	 37.20
29.80	 -13.90	 38.40
29.20	 -12.30	 38.80
29.20	 -12.70	 38.80
29.50	 -12.70	 38.10
29.20	 -12.90	 37.50
29.40	 -13.00	 38.70
30.60	 -13.20	 39.00
30.10	 -12.10	 38.40
31.50	 -12.90	 39.30
31.30	 -12.90	 39.90
30.70	 -12.10	 39.70
32.40	 -13.30	 39.40
32.80	 -12.10	 40.20
33.70	 -12.10	 39.00
33.90	 -12.30	 39.30
33.60	 -11.50	 39.70
35.20	 -13.30	 40.20
34.20	 -12.70	 40.20
34.20	 -11.80	 39.30
34.30	 -12.30	 40.30
35.20	 -11.70	 40.20
35.10	 -11.70	 40.20
35.50	 -12.00	 40.00
34.00	 -11.80	 40.00
34.30	 -11.10	 40.00
34.80	 -12.00	 40.60
36.00	 -12.10	 40.80
35.50	 -11.70	 39.60
34.90	 -12.60	 40.60
34.50	 -12.30	 40.50
35.50	 -12.10	 39.90
36.00	 -11.10	 40.80
35.50	 -11.20	 40.50
35.70	 -11.70	 40.00
35.70	 -11.10	 41.10
36.40	 -11.70	 40.90
35.70	 -10.80	 41.50
35.80	 -10.20	 40.50
35.20	 -11.10	 41.20
35.50	 -10.60	 40.90
35.10	 -10.00	 40.60
34.90	 -10.00	 41.40
34.80	 -10.50	 40.80
34.80	 -10.50	 41.20
34.00	 -9.70	 40.60
32.40	 -9.90	 41.20
32.70	 -8.50	 40.30
31.90	 -8.20	 40.80
30.70	 -9.10	 40.80
30.90	 -8.80	 41.10
29.10	 -9.10	 39.90
29.10	 -9.90	 40.00
28.90	 -10.20	 39.40
27.60	 -10.80	 38.70
26.50	 -12.00	 39.30
27.10	 -11.20	 38.20
26.50	 -12.40	 38.10
25.50	 -12.60	 37.80
25.50	 -11.50	 37.50
24.60	 -12.30	 37.60
24.00	 -12.30	 38.10
22.90	 -12.00	 36.90
23.50	 -12.00	 37.20
22.30	 -12.30	 37.20
22.20	 -12.40	 37.00
21.10	 -11.80	 35.70
21.40	 -12.10	 36.00
21.10	 -12.00	 35.40
20.20	 -12.30	 35.50
20.20	 -12.40	 35.80
19.60	 -12.10	 36.30
19.50	 -12.40	 36.30
18.60	 -10.60	 36.10
18.00	 -10.90	 36.00
19.00	 -10.20	 36.10
17.80	 -9.40	 36.40
17.80	 -8.50	 36.30
17.70	 -7.30	 37.20
17.80	 -7.20	 36.90
16.90	 -6.30	 37.20
16.80	 -6.70	 36.00
16.00	 -6.60	 36.70
16.20	 -6.30	 36.90
15.70	 -4.50	 36.60
15.70	 -4.60	 36.60
13.50	 -4.50	 36.30
14.10	 -4.30	 36.40
14.40	 -4.30	 36.70
14.20	 -4.30	 35.80
13.20	 -4.60	 35.40
12.30	 -5.10	 35.10
11.80	 -5.40	 34.00
12.00	 -4.80	 33.70
11.10	 -5.70	 33.60
11.40	 -5.50	 33.30
10.00	 -4.80	 32.50
9.60	 -6.30	 31.60
9.60	 -5.80	 31.30
7.50	 -5.70	 30.30
8.40	 -6.40	 30.10
7.90	 -6.10	 30.00
7.00	 -6.00	 29.80
7.20	 -6.30	 29.40
6.60	 -7.00	 28.80
6.60	 -7.90	 28.00
5.70	 -6.90	 27.30
4.50	 -7.60	 27.30
4.60	 -7.00	 27.30
5.20	 -7.90	 26.10
4.90	 -8.10	 25.60
3.90	 -8.70	 24.90
3.40	 -9.90	 24.40
4.30	 -9.70	 23.80
4.20	 -9.90	 22.80
4.30	 -10.20	 22.80
3.00	 -9.70	 22.90
3.30	 -10.00	 22.30
3.60	 -10.60	 22.50
3.30	 -11.20	 21.60
2.50	 -11.10	 20.50
1.80	 -11.70	 19.80
2.40	 -11.80	 19.80
1.50	 -12.00	 17.20
1.00	 -12.70	 16.90
1.60	 -13.00	 16.00
0.70	 -13.20	 14.40
0.70	 -13.60	 13.80
0.40	 -14.50	 12.60
1.00	 -14.70	 11.40
-0.10	 -15.40	 10.60
-0.40	 -15.30	 9.30
0.70	 -15.00	 9.10
0.10	 -15.30	 9.00
0.00	 -15.40	 8.40
-0.40	 -16.20	 8.10
-0.90	 -15.10	 7.30
-0.70	 -14.80	 6.10
-1.00	 -15.40	 6.10
-1.80	 -15.60	 6.40
-0.70	 -15.60	 5.20
-0.60	 -16.30	 4.80
-1.50	 -15.40	 4.20
-1.90	 -14.70	 3.90
-2.70	 -15.90	 3.30
-1.80	 -15.00	 2.80
-2.40	 -16.20	 3.00
-1.60	 -15.90	 2.10
-1.90	 -15.70	 1.80
-2.40	 -16.90	 1.30
-2.40	 -16.80	 0.30
-2.10	 -16.60	 0.30
-1.90	 -17.20	 -0.70
-2.40	 -17.50	 -0.90
-2.50	 -17.50	 -1.00
-2.20	 -17.20	 -2.40
-2.70	 -18.60	 -2.40
-3.30	 -19.30	 -4.60
-1.80	 -18.70	 -4.50
-1.90	 -19.00	 -7.90
-1.50	 -19.80	 -9.00
-1.00	 -20.10	 -11.10
-1.50	 -20.50	 -12.10
-1.30	 -20.20	 -12.90
0.30	 -20.20	 -13.20
-0.10	 -21.10	 -14.20
0.40	 -21.30	 -15.60
0.60	 -21.70	 -15.90
0.70	 -21.60	 -16.80
2.10	 -21.90	 -17.40
2.80	 -22.50	 -19.50
3.40	 -21.30	 -19.50
2.70	 -23.50	 -21.00
4.80	 -21.70	 -22.80
4.30	 -22.60	 -23.10
5.40	 -22.50	 -24.10
6.00	 -22.20	 -25.30
4.90	 -21.60	 -25.50
5.50	 -21.90	 -26.70
6.10	 -22.30	 -26.70
7.00	 -21.90	 -27.60
7.30	 -21.70	 -28.00
7.30	 -21.40	 -28.50
7.30	 -21.40	 -29.10
8.10	 -21.90	 -29.80
7.90	 -21.30	 -30.10
9.30	 -21.90	 -29.80
9.00	 -22.00	 -30.30
10.30	 -21.70	 -30.30
11.50	 -23.40	 -30.90
11.50	 -23.70	 -30.90
11.80	 -23.80	 -32.10
12.30	 -23.20	 -32.10
12.90	 -24.10	 -33.30
13.20	 -23.50	 -32.80
14.40	 -23.50	 -33.60
16.20	 -22.60	 -33.70
16.60	 -23.40	 -35.20
17.80	 -22.50	 -36.40
18.10	 -21.40	 -36.40
18.90	 -22.30	 -36.60
20.10	 -22.30	 -37.00
20.50	 -23.10	 -36.30
21.60	 -22.80	 -35.70
21.30	 -24.10	 -36.40
22.60	 -24.10	 -35.80
23.80	 -24.60	 -35.50
24.70	 -24.90	 -36.60
25.20	 -24.90	 -36.40
26.80	 -24.40	 -37.80
26.80	 -22.80	 -38.20
28.30	 -22.90	 -39.30
29.10	 -21.90	 -40.00
30.40	 -21.10	 -40.60
31.20	 -20.50	 -40.50
32.10	 -20.10	 -40.60
31.60	 -19.80	 -40.50
32.50	 -19.90	 -39.90
33.10	 -20.80	 -40.90
33.40	 -21.10	 -40.00
34.00	 -20.50	 -40.80
36.00	 -19.50	 -41.10
36.60	 -20.70	 -40.30
37.20	 -20.20	 -41.20
37.60	 -20.10	 -40.30
39.00	 -19.30	 -40.50
39.60	 -19.50	 -40.90
39.70	 -19.00	 -40.30
41.10	 -18.60	 -40.30
40.80	 -17.20	 -41.40
42.00	 -16.90	 -41.10
42.10	 -17.80	 -40.60
42.90	 -16.90	 -42.10
44.20	 -15.40	 -42.10
44.10	 -16.50	 -40.90
46.00	 -14.20	 -41.20
45.90	 -14.10	 -41.10
48.70	 -14.10	 -41.10
48.70	 -13.80	 -40.50
49.30	 -13.30	 -40.00
51.30	 -12.70	 -40.60
52.30	 -13.00	 -39.60
52.90	 -11.80	 -38.80
54.60	 -11.20	 -39.00
55.50	 -11.20	 -39.00
55.50	 -11.70	 -38.70
57.10	 -11.50	 -37.90
57.60	 -10.20	 -37.60
58.60	 -9.40	 -37.90
60.70	 -9.30	 -37.80
61.60	 -8.80	 -36.70
61.90	 -8.40	 -35.80
62.50	 -8.20	 -36.10
63.00	 -7.00	 -35.80
64.30	 -7.50	 -35.20
63.70	 -6.70	 -34.80
64.30	 -6.40	 -34.60
65.10	 -6.30	 -33.10
65.50	 -6.40	 -32.80
66.30	 -6.70	 -32.40
66.30	 -6.10	 -32.20
67.00	 -6.60	 -33.10
67.00	 -6.90	 -32.40
67.30	 -6.10	 -32.10
67.30	 -5.70	 -31.60
68.50	 -6.40	 -31.90
67.50	 -5.40	 -31.50
68.80	 -5.40	 -31.30
69.30	 -5.50	 -31.50
69.90	 -5.40	 -31.30
69.90	 -4.60	 -30.10
69.90	 -3.70	 -29.50
71.20	 -3.60	 -30.00
71.50	 -2.80	 -28.80
72.00	 -2.70	 -27.70
73.50	 -3.00	 -27.30
73.50	 -1.60	 -27.40
74.20	 -1.50	 -26.20
74.50	 -0.60	 -24.30
75.30	 0.10	 -23.10
75.60	 1.60	 -23.20
76.90	 0.90	 -22.20
76.90	 2.70	 -21.00
78.70	 2.20	 -20.10
77.40	 2.20	 -18.70
78.60	 3.60	 -17.70
78.40	 3.30	 -17.40
78.90	 3.30	 -16.80
79.20	 3.60	 -16.20
79.50	 3.10	 -16.00
79.50	 3.70	 -15.30
79.80	 3.60	 -14.80
80.20	 4.20	 -14.40
80.80	 4.00	 -13.80
79.80	 4.20	 -13.80
79.90	 4.20	 -13.50
80.80	 5.20	 -12.60
81.10	 4.90	 -12.40
81.90	 5.20	 -11.10
81.70	 4.90	 -11.40
81.30	 5.70	 -10.60
82.30	 6.10	 -9.30
81.70	 5.70	 -8.50
82.00	 6.00	 -8.20
81.40	 6.40	 -7.20
82.80	 5.80	 -6.10
83.10	 6.30	 -5.40
82.90	 6.00	 -4.30
82.50	 6.70	 -4.00
82.90	 6.60	 -2.40
83.10	 6.70	 -2.50
83.70	 6.30	 -1.60
83.20	 7.50	 -0.30
83.80	 7.30	 0.00
83.80	 6.60	 1.50
84.10	 7.80	 1.30
83.20	 6.60	 2.40
83.70	 7.60	 2.70
83.80	 7.90	 3.70
82.80	 7.20	 3.00
83.10	 7.30	 3.60
83.70	 8.50	 4.50
84.00	 7.80	 4.60
82.90	 6.90	 4.30
82.80	 7.60	 5.40
82.80	 6.70	 4.90
84.10	 6.60	 6.70
83.50	 7.20	 5.40
84.00	 6.90	 5.80
84.10	 7.80	 6.70
83.10	 6.70	 6.40
84.10	 6.30	 7.30
82.90	 5.50	 6.90
83.80	 6.00	 6.60
83.20	 5.50	 7.20
84.30	 6.00	 8.10
83.20	 4.90	 7.20
83.80	 4.60	 6.00
83.70	 5.40	 5.40
84.00	 4.20	 4.30
84.10	 3.10	 3.60
83.70	 2.50	 2.50
83.80	 1.60	 1.50
84.30	 0.60	 1.30
84.10	 1.20	 0.70
83.40	 -0.10	 -0.90
84.10	 -1.20	 -1.50
83.10	 -2.20	 -0.90
82.30	 -3.10	 -2.70
82.80	 -4.60	 -2.40
83.20	 -5.50	 -2.40
83.20	 -6.90	 -1.90
82.90	 -7.90	 -2.20
82.00	 -10.30	 -1.90
82.20	 -11.20	 -1.20
82.20	 -11.10	 -1.00
81.90	 -12.10	 0.30
81.40	 -12.40	 0.30
80.50	 -14.10	 1.00
80.40	 -14.40	 1.90
80.40	 -15.30	 3.00
81.00	 -15.90	 3.30
80.20	 -15.70	 5.10
81.60	 -16.30	 6.10
79.60	 -15.90	 6.90
80.40	 -16.90	 7.90
79.60	 -16.90	 8.20
79.90	 -17.20	 8.80
79.90	 -17.40	 9.90
79.60	 -17.70	 9.40
78.70	 -16.80	 9.70
79.90	 -16.60	 10.60
79.20	 -16.50	 11.10
79.60	 -16.60	 11.80
79.80	 -15.90	 11.50
80.10	 -15.90	 12.30
79.30	 -16.20	 12.60
79.80	 -16.60	 13.20
79.60	 -16.30	 14.50
80.10	 -16.00	 14.10
79.60	 -15.00	 13.60
79.60	 -16.00	 14.80
80.20	 -14.40	 15.30
80.20	 -14.20	 15.70
81.00	 -14.20	 15.70
80.70	 -14.10	 16.00
80.50	 -13.30	 15.70
81.40	 -13.80	 16.30
80.50	 -13.20	 15.60
81.40	 -12.60	 16.00
80.50	 -12.00	 16.30
80.50	 -10.80	 16.00
81.70	 -11.10	 16.30
81.40	 -9.70	 16.30
81.00	 -9.60	 15.90
81.90	 -9.70	 16.50
81.70	 -8.70	 16.90
82.20	 -7.80	 16.30
82.30	 -6.90	 16.80
82.60	 -7.60	 16.20
81.90	 -7.20	 16.80
82.20	 -6.30	 16.00
81.90	 -6.30	 15.90
82.60	 -6.30	 16.30
82.00	 -5.40	 15.40
81.90	 -6.30	 16.00
82.60	 -6.70	 16.50
83.10	 -5.70	 16.60
83.40	 -4.60	 17.10
81.70	 -4.60	 16.80
81.90	 -3.90	 16.60
83.40	 -2.70	 17.10
82.90	 -3.40	 17.20
82.60	 -1.90	 15.60
82.50	 -1.20	 16.80
83.70	 -2.10	 16.30
82.60	 -0.70	 15.90
82.20	 -0.70	 16.60
83.10	 -0.10	 16.60
83.10	 0.70	 16.80
83.40	 0.40	 16.80
83.40	 1.80	 17.20
83.70	 1.60	 17.10
83.20	 2.20	 17.50
83.70	 2.40	 16.90
82.60	 3.30	 17.80
83.40	 3.30	 17.70
82.80	 3.90	 18.10
82.90	 4.00	 17.80
84.00	 5.20	 16.90
83.40	 5.40	 17.50
84.40	 5.10	 17.40
83.20	 5.20	 18.30
83.20	 6.70	 17.50
82.80	 6.30	 18.40
83.20	 7.20	 17.80
83.20	 6.70	 17.40
83.20	 8.40	 17.80
84.10	 8.80	 17.20
83.50	 8.80	 18.30
83.50	 8.40	 16.90
83.40	 8.80	 16.80
83.70	 8.40	 16.20
84.00	 9.30	 17.20
84.00	 9.10	 16.90
82.80	 9.00	 17.40
83.70	 8.40	 16.90
83.20	 10.50	 17.40
82.90	 10.20	 16.60
82.90	 11.10	 16.80
82.60	 11.20	 16.00
82.80	 11.50	 16.50
83.50	 13.60	 15.70
83.10	 12.70	 15.70
82.60	 13.80	 15.90
83.50	 14.40	 15.30
81.60	 14.80	 14.80
82.00	 15.60	 14.10
82.00	 16.60	 13.80
82.00	 16.80	 14.20
82.60	 18.00	 14.40
82.90	 17.20	 13.50
82.80	 17.20	 13.50
81.60	 17.40	 13.00
82.00	 18.10	 13.30
81.30	 18.30	 12.90
81.60	 19.20	 13.80
81.90	 18.30	 13.90
81.40	 18.90	 15.00
80.80	 19.50	 15.30
81.00	 18.60	 13.50
81.10	 18.90	 14.70
81.30	 19.80	 15.00
81.00	 19.80	 15.70
80.50	 19.80	 14.70
79.60	 20.80	 14.70
79.60	 22.20	 14.70
79.30	 23.20	 14.50
79.60	 23.40	 14.80
79.00	 23.80	 14.70
78.70	 24.30	 13.80
78.70	 24.10	 15.30
77.50	 25.80	 15.00
77.20	 25.80	 14.20
77.70	 26.10	 13.60
77.10	 27.40	 13.80
76.80	 27.60	 13.80
75.10	 28.90	 13.00
75.30	 29.40	 13.60
75.40	 29.50	 12.60
73.80	 30.70	 13.00
73.60	 32.10	 12.70
72.40	 32.10	 11.70
71.50	 33.40	 12.60
71.70	 34.00	 11.70
70.20	 34.80	 12.70
69.00	 36.60	 12.70
68.10	 37.90	 12.60
66.70	 37.90	 13.20
65.70	 39.70	 13.30
64.90	 40.00	 14.10
63.40	 40.50	 14.10
63.60	 40.90	 14.50
63.00	 42.10	 14.70
61.30	 41.70	 13.90
59.70	 42.90	 13.00
59.10	 42.30	 14.10
58.00	 43.20	 14.80
57.40	 41.70	 16.00
57.70	 42.40	 17.80
55.90	 43.00	 19.50
55.80	 42.40	 19.50
54.40	 42.90	 19.20
55.50	 43.50	 19.50
54.00	 42.40	 20.10
54.60	 42.60	 19.60
52.90	 42.60	 19.20
52.00	 42.90	 20.10
52.50	 42.70	 21.10
50.80	 43.60	 20.40
50.80	 43.00	 21.30
49.20	 44.70	 20.80
49.60	 43.20	 20.20
49.60	 43.30	 21.10
49.60	 44.20	 20.80
50.20	 43.90	 21.40
49.50	 43.60	 20.20
50.10	 43.50	 19.80
50.80	 43.30	 20.10
49.00	 43.80	 19.00
49.20	 43.50	 18.30
50.70	 44.40	 18.40
51.10	 44.20	 17.10
51.40	 44.20	 14.50
52.90	 43.90	 13.80
52.20	 45.00	 12.40
52.50	 45.00	 10.80
51.40	 45.00	 11.20
51.00	 45.70	 11.70
50.20	 45.10	 11.80
49.60	 45.70	 12.30
50.40	 44.70	 12.00
49.80	 45.70	 11.50
49.60	 46.00	 10.30
50.70	 46.20	 9.10
50.10	 45.60	 7.50
51.40	 46.20	 5.50
50.80	 45.90	 5.40
51.30	 46.80	 4.30
50.40	 46.30	 4.60
50.80	 46.60	 3.40
50.10	 45.10	 3.30
51.40	 45.30	 1.30
51.00	 45.40	 -0.70
51.10	 45.60	 -0.60
51.30	 45.30	 -3.40
51.40	 44.70	 -4.00
50.50	 45.00	 -4.80
51.10	 44.40	 -5.20
52.30	 43.90	 -5.70
51.40	 44.40	 -6.00
50.80	 43.60	 -6.60
51.60	 43.60	 -6.10
52.00	 43.60	 -7.50
52.20	 43.30	 -9.60
52.30	 42.60	 -10.90
53.80	 42.30	 -11.80
53.50	 40.50	 -13.20
54.10	 40.50	 -14.50
54.40	 38.40	 -16.50
55.80	 39.00	 -17.40
55.00	 35.80	 -19.50
55.80	 36.00	 -20.10
57.40	 34.60	 -21.00
57.10	 34.30	 -21.60
56.80	 34.20	 -21.70
57.40	 33.00	 -21.70
57.70	 32.40	 -22.50
59.40	 32.20	 -22.50
59.20	 32.10	 -23.40
59.50	 30.90	 -23.80
59.70	 30.60	 -24.00
59.50	 29.10	 -25.30
60.00	 28.50	 -25.20
61.60	 27.90	 -25.90
61.20	 26.40	 -25.90
62.50	 25.90	 -26.70
63.60	 23.20	 -27.10
64.00	 22.60	 -28.20
63.90	 20.80	 -28.30
65.20	 20.70	 -27.70
66.30	 20.40	 -28.50
66.10	 18.90	 -27.30
66.70	 18.70	 -26.40
67.80	 17.40	 -26.10
69.30	 16.80	 -27.00
69.30	 15.90	 -27.00
70.50	 14.80	 -27.00
69.40	 14.80	 -27.10
70.30	 12.10	 -27.60
71.50	 10.80	 -27.30
71.10	 9.10	 -27.00
71.40	 7.60	 -26.70
72.00	 7.20	 -27.10
72.90	 5.70	 -26.40
73.90	 5.10	 -25.90
74.50	 5.20	 -25.30
75.90	 3.00	 -23.70
75.90	 1.20	 -22.30
77.50	 1.00	 -21.10
79.30	 -0.90	 -19.60
80.20	 -1.60	 -17.50
80.40	 -2.50	 -16.90
81.10	 -4.00	 -15.30
81.00	 -4.90	 -13.90
82.30	 -5.40	 -12.00
81.40	 -6.70	 -11.50
82.50	 -8.20	 -10.60
82.20	 -9.60	 -10.00
82.90	 -8.80	 -10.30
82.20	 -7.50	 -10.30
83.20	 -7.60	 -10.30
82.50	 -7.60	 -10.90
82.80	 -8.10	 -10.00
83.40	 -7.30	 -9.40
83.20	 -7.50	 -9.10
84.30	 -8.50	 -7.80
83.80	 -9.40	 -6.40
83.80	 -10.00	 -4.20
83.20	 -10.60	 -2.70
84.30	 -11.70	 -2.40
84.30	 -12.40	 0.10
82.80	 -13.80	 1.80
83.20	 -13.50	 3.00
83.50	 -13.90	 3.70
83.50	 -13.30	 5.80
83.10	 -13.80	 6.40
84.10	 -13.00	 7.50
83.70	 -13.00	 8.20
82.80	 -13.50	 9.40
82.80	 -13.30	 10.30
83.80	 -12.70	 11.10
82.90	 -13.60	 12.40
83.10	 -13.30	 13.90
82.80	 -12.60	 13.30
81.90	 -13.50	 14.50
81.60	 -12.70	 15.10
82.30	 -12.60	 15.60
81.60	 -13.50	 16.20
81.60	 -11.70	 15.70
81.70	 -10.90	 16.90
81.90	 -10.20	 19.20
81.30	 -9.10	 19.00
81.10	 -8.40	 19.50
81.60	 -7.20	 20.50
81.70	 -6.30	 21.30
81.40	 -5.20	 22.20
81.00	 -4.60	 21.70
81.10	 -2.40	 21.40
81.60	 -1.90	 21.30
81.60	 0.10	 21.60
82.60	 0.70	 21.30
82.50	 3.00	 21.90
82.20	 3.10	 22.20
81.40	 4.50	 21.90
81.00	 5.70	 21.60
81.30	 6.40	 21.60
80.40	 7.90	 22.00
80.40	 8.40	 22.90
80.20	 10.50	 23.40
80.10	 11.20	 22.60
78.70	 12.30	 24.30
79.90	 13.50	 23.80
78.90	 13.60	 24.10
78.90	 14.20	 25.30
77.80	 15.60	 24.10
77.20	 16.60	 24.60
76.90	 17.10	 24.30
77.40	 16.90	 25.00
75.90	 17.20	 25.50
76.50	 18.40	 25.00
76.20	 17.40	 25.20
76.30	 17.50	 25.80
76.20	 17.80	 25.50
76.80	 16.30	 26.20
76.50	 15.70	 26.80
75.90	 15.40	 27.70
76.50	 14.40	 27.00
77.10	 13.20	 27.60
77.40	 13.00	 27.60
77.10	 12.40	 27.70
77.40	 10.20	 28.60
77.20	 8.70	 27.70
77.50	 7.50	 28.20
78.10	 6.30	 27.70
78.30	 4.90	 27.40
78.40	 3.30	 26.50
79.00	 2.50	 26.50
78.40	 -0.90	 26.40
79.00	 -1.90	 26.70
78.60	 -3.90	 25.50
78.60	 -4.60	 25.80
77.40	 -7.20	 24.70
77.70	 -9.00	 24.00
77.20	 -11.20	 24.10
76.90	 -12.70	 22.90
77.10	 -13.80	 23.20
76.50	 -16.20	 21.40
74.80	 -17.10	 20.50
75.40	 -18.90	 19.90
74.80	 -21.60	 18.60
74.80	 -21.70	 16.60
73.60	 -23.10	 15.60
72.90	 -23.80	 13.80
72.40	 -25.00	 13.20
71.40	 -26.20	 11.80
71.70	 -27.60	 10.20
70.50	 -28.50	 8.50
69.40	 -30.10	 7.90
68.50	 -30.10	 6.40
68.10	 -31.80	 4.80
66.30	 -31.80	 4.60
64.90	 -31.90	 3.40
63.60	 -33.40	 1.60
62.40	 -34.50	 0.00
60.40	 -35.10	 -1.30
60.00	 -34.90	 -2.80
58.30	 -35.50	 -4.80
56.40	 -35.80	 -6.00
56.10	 -35.70	 -7.00
54.00	 -36.00	 -8.70
52.80	 -36.40	 -9.10
51.90	 -36.30	 -10.80
49.60	 -35.10	 -12.10
48.60	 -35.40	 -13.00
46.80	 -34.90	 -14.20
45.60	 -34.60	 -14.10
45.40	 -35.50	 -14.80
44.10	 -34.80	 -14.40
43.00	 -34.30	 -15.90
43.00	 -35.10	 -17.50
42.10	 -33.70	 -18.70
41.70	 -33.00	 -19.90
40.50	 -32.10	 -20.20
39.40	 -32.40	 -21.30
38.40	 -31.80	 -21.40
38.20	 -31.20	 -21.60
37.50	 -31.00	 -22.90
37.00	 -30.70	 -23.10
36.10	 -31.20	 -22.60
35.50	 -29.20	 -23.20
35.50	 -29.10	 -23.40
35.50	 -28.60	 -24.90
34.90	 -27.90	 -25.90
33.90	 -27.30	 -27.60
33.40	 -25.60	 -28.50
32.10	 -24.30	 -28.20
32.40	 -23.80	 -29.10
32.50	 -22.50	 -30.10
30.60	 -21.60	 -31.30
31.60	 -20.40	 -31.90
30.60	 -19.50	 -31.50
30.60	 -19.60	 -32.50
30.10	 -18.30	 -32.10
29.20	 -18.10	 -33.40
29.10	 -16.30	 -33.60
28.30	 -15.70	 -34.60
28.90	 -14.80	 -34.80
29.20	 -13.20	 -35.40
27.90	 -12.00	 -35.40
28.60	 -10.90	 -36.60
28.90	 -9.90	 -36.30
28.20	 -8.40	 -36.90
27.40	 -6.30	 -37.20
28.60	 -4.90	 -37.50
27.60	 -4.50	 -37.30
27.90	 -3.10	 -37.60
27.40	 -2.20	 -38.10
28.50	 0.10	 -37.60
28.00	 1.30	 -38.40
27.70	 2.70	 -38.50
28.30	 4.60	 -37.80
28.60	 5.50	 -37.50
27.30	 7.50	 -37.60
27.70	 9.00	 -37.80
28.50	 11.40	 -38.40
28.50	 12.30	 -37.60
29.40	 13.90	 -37.00
28.30	 13.30	 -36.70
29.40	 15.90	 -37.50
30.10	 16.20	 -36.90
29.10	 18.30	 -35.40
29.80	 19.20	 -34.80
30.10	 21.10	 -35.10
30.60	 22.50	 -34.20
31.50	 23.70	 -33.60
31.50	 25.00	 -31.20
31.00	 26.70	 -31.80
31.50	 27.60	 -30.70
30.70	 30.30	 -27.90
31.80	 31.80	 -27.60
32.20	 32.80	 -27.00
32.50	 35.40	 -24.40
32.50	 36.90	 -22.80
34.60	 38.50	 -19.90
34.90	 39.90	 -18.60
34.00	 39.90	 -17.40
35.20	 41.50	 -14.80
35.20	 42.90	 -13.30
35.50	 42.90	 -12.00
35.70	 43.90	 -9.60
36.30	 43.90	 -8.20
36.30	 44.40	 -8.20
35.80	 44.20	 -8.10
35.50	 44.40	 -7.60
36.60	 44.40	 -7.50
36.70	 44.50	 -7.50
37.50	 44.80	 -6.30
37.30	 45.30	 -5.70
37.90	 45.10	 -5.50
37.20	 44.70	 -3.30
38.10	 45.60	 -2.50
38.40	 46.00	 0.10
38.50	 46.30	 2.40
38.50	 46.30	 3.40
38.50	 45.30	 5.20
39.40	 46.90	 6.10
38.70	 45.70	 7.80
38.70	 45.90	 9.60
39.00	 46.30	 10.20
39.00	 46.20	 11.80
39.70	 44.80	 13.30
39.00	 45.10	 15.00
38.80	 44.70	 15.70
38.50	 44.70	 17.50
38.40	 44.20	 17.80
39.10	 44.20	 18.30
39.70	 44.50	 18.70
39.90	 43.60	 19.60
40.50	 43.50	 19.80
39.90	 43.20	 21.00
40.30	 43.50	 22.20
40.00	 42.60	 22.00
40.30	 42.10	 22.50
41.10	 42.30	 23.80
41.50	 41.80	 23.50
41.40	 41.10	 23.80
42.00	 41.40	 24.40
42.70	 41.20	 25.00
43.00	 39.90	 25.60
43.60	 39.90	 26.20
44.80	 40.00	 26.70
43.60	 38.40	 26.70
45.00	 39.40	 27.00
45.70	 39.30	 27.40
45.60	 38.80	 27.30
47.20	 39.10	 27.60
47.70	 38.40	 26.50
48.60	 38.20	 28.30
48.40	 38.10	 27.40
49.90	 38.70	 27.10
50.50	 38.50	 26.50
49.50	 38.20	 26.40
51.00	 38.80	 24.00
51.00	 39.70	 23.40
51.30	 40.30	 22.50
51.10	 39.00	 22.60
51.70	 39.70	 23.20
51.90	 38.20	 22.80
51.60	 38.80	 24.70
51.40	 38.10	 25.20
52.60	 38.50	 25.00
53.20	 38.70	 25.50
52.60	 37.00	 25.20
54.70	 37.20	 24.70
54.60	 37.50	 25.60
54.40	 37.50	 25.30
55.30	 37.60	 25.30
54.90	 36.30	 25.30
56.20	 36.90	 25.50
56.40	 36.40	 26.10
56.40	 35.20	 26.50
56.70	 34.30	 27.10
56.50	 34.30	 27.10
57.60	 32.80	 29.20
57.90	 31.90	 29.50
59.20	 30.10	 30.90
59.70	 29.10	 31.80
60.30	 28.20	 31.80
59.50	 28.60	 31.80
61.00	 27.10	 31.00
61.50	 27.10	 29.80
63.30	 27.30	 30.60
63.40	 26.10	 30.90
64.00	 25.90	 29.80
64.50	 24.40	 30.60
64.20	 22.90	 31.30
65.70	 21.70	 31.20
66.30	 21.40	 31.60
66.90	 19.80	 30.70
66.40	 19.90	 30.60
67.90	 19.20	 31.30
67.90	 19.30	 30.60
68.10	 19.30	 30.10
68.80	 18.40	 29.50
70.20	 17.70	 29.40
70.20	 18.30	 29.40
71.10	 15.70	 28.20
70.90	 17.20	 28.50
72.10	 15.90	 27.40
72.40	 15.00	 27.40
72.60	 14.70	 27.10
73.00	 12.30	 25.90
74.20	 12.40	 25.50
75.00	 12.00	 25.20
75.40	 12.70	 24.10
76.80	 10.90	 23.50
76.80	 11.70	 23.20
77.70	 10.90	 22.20
77.40	 10.50	 22.20
78.00	 10.20	 21.70
77.70	 10.80	 20.80
78.60	 9.40	 19.80
78.70	 8.50	 19.30
79.30	 9.70	 18.10
79.30	 9.70	 17.70
79.80	 9.40	 17.80
79.50	 8.70	 17.40
80.80	 10.60	 16.50
80.10	 10.90	 16.20
80.20	 10.50	 15.70
79.60	 11.40	 15.00
81.00	 11.50	 15.30
81.00	 12.30	 14.50
81.70	 12.10	 13.50
81.10	 11.80	 12.40
81.00	 10.30	 11.50
82.30	 11.20	 12.60
81.60	 10.50	 11.50
81.60	 9.90	 11.10
82.00	 9.70	 10.50
81.30	 10.00	 9.40
81.60	 9.00	 9.30
82.00	 8.40	 10.20
82.50	 8.50	 8.20
81.30	 7.60	 8.70
82.90	 7.50	 9.00
82.90	 6.40	 8.50
82.60	 5.50	 7.90
82.60	 5.40	 7.20
82.20	 3.90	 6.70
82.80	 4.30	 6.10
82.20	 3.60	 6.60
82.80	 2.50	 5.50
83.20	 2.40	 5.70
84.00	 1.60	 6.30
83.10	 1.50	 5.20
83.70	 0.90	 5.20
83.10	 -0.40	 5.40
84.00	 0.30	 4.90
83.10	 -0.40	 5.10
84.30	 -1.00	 4.80
83.40	 -1.50	 3.90
83.80	 -1.00	 3.90
83.20	 -2.20	 4.30
83.10	 -2.50	 4.60
82.80	 -2.50	 4.50
82.90	 -3.30	 4.20
82.90	 -3.30	 4.00
82.60	 -3.60	 4.60
83.40	 -4.50	 4.60
83.80	 -3.60	 3.60
83.10	 -4.50	 3.10
82.50	 -4.50	 3.30
82.20	 -5.20	 3.10
83.70	 -6.10	 2.20
82.60	 -6.00	 1.80
83.50	 -5.50	 1.50
83.40	 -5.40	 1.60
82.80	 -5.10	 1.30
83.50	 -5.80	 2.10
83.80	 -5.50	 1.50
82.80	 -6.70	 1.80
83.20	 -6.70	 0.60
83.10	 -6.90	 0.60
83.40	 -7.60	 -0.30
83.70	 -6.70	 -0.40
82.80	 -8.20	 -1.50
82.50	 -7.30	 -1.90
83.10	 -7.50	 -2.20
82.30	 -8.10	 -3.30
82.80	 -7.90	 -4.20
83.40	 -7.30	 -4.60
83.10	 -7.30	 -5.50
83.10	 -6.60	 -6.60
82.90	 -5.80	 -7.30
83.20	 -6.60	 -7.80
82.00	 -4.30	 -8.80
81.40	 -3.60	 -9.40
81.70	 -2.50	 -10.00
81.70	 -1.80	 -10.60
82.30	 -0.60	 -10.90
81.60	 -1.60	 -10.90
82.30	 -2.20	 -11.80
81.60	 -1.90	 -12.00
82.00	 -2.20	 -13.30
82.60	 -3.10	 -13.00
81.00	 -3.10	 -13.60
80.70	 -4.50	 -13.50
81.40	 -4.90	 -14.70
80.80	 -5.20	 -15.10
80.20	 -6.60	 -16.20
79.00	 -7.80	 -17.20
78.40	 -9.40	 -18.60
77.10	 -10.60	 -19.30
75.10	 -12.00	 -21.10
75.10	 -13.50	 -21.30
73.00	 -15.00	 -22.80
71.80	 -17.50	 -23.50
70.50	 -18.60	 -23.50
67.30	 -20.40	 -24.30
66.00	 -21.70	 -25.80
64.20	 -22.30	 -25.50
63.10	 -22.80	 -26.40
61.00	 -23.50	 -26.40
60.00	 -24.40	 -27.10
59.10	 -23.20	 -27.90
57.70	 -24.40	 -28.90
57.00	 -23.80	 -28.50
56.80	 -24.60	 -28.90
56.40	 -24.30	 -29.20
56.80	 -23.80	 -27.70
56.80	 -23.50	 -29.50
56.80	 -23.10	 -30.30
57.30	 -21.60	 -30.10
57.90	 -21.40	 -30.10
57.00	 -20.80	 -30.40
57.60	 -19.90	 -31.60
58.30	 -19.20	 -31.20
57.70	 -19.30	 -31.80
58.80	 -18.90	 -32.10
58.20	 -17.40	 -32.10
57.60	 -16.20	 -33.60
58.20	 -16.30	 -34.50
57.10	 -16.80	 -33.90
56.50	 -15.00	 -34.50
56.10	 -14.20	 -35.50
55.60	 -13.60	 -35.80
54.70	 -12.30	 -37.20
54.10	 -10.30	 -37.30
53.80	 -9.90	 -37.60
54.30	 -9.00	 -37.90
54.90	 -8.80	 -37.00
53.70	 -8.10	 -38.40
53.50	 -8.50	 -38.20
53.70	 -7.20	 -38.10
53.20	 -6.90	 -39.00
52.60	 -6.90	 -39.40
52.50	 -5.80	 -39.00
52.30	 -6.10	 -40.00
51.10	 -5.10	 -39.70
49.80	 -4.80	 -39.60
51.10	 -3.70	 -40.50
49.80	 -3.30	 -40.20
48.40	 -3.30	 -40.90
48.40	 -2.20	 -40.60
47.70	 -2.20	 -40.20
47.80	 -2.10	 -41.20
46.90	 -2.70	 -41.40
46.60	 -2.50	 -40.90
46.20	 -2.40	 -41.10
47.20	 -3.30	 -42.30
46.20	 -3.70	 -41.20
45.90	 -4.60	 -40.80
46.50	 -3.30	 -40.90
46.30	 -2.20	 -41.70
46.20	 -3.90	 -42.00
45.60	 -3.90	 -41.80
45.00	 -4.50	 -42.10
44.80	 -3.40	 -41.20
46.60	 -5.40	 -41.40
46.30	 -6.10	 -41.10
46.50	 -6.70	 -41.20
47.50	 -5.40	 -41.20
47.20	 -6.40	 -41.50
47.50	 -5.70	 -41.80
48.10	 -6.00	 -42.00
49.00	 -6.30	 -41.10
49.30	 -6.10	 -40.90
49.90	 -6.60	 -40.60
51.60	 -6.30	 -39.60
52.30	 -8.10	 -40.20
52.20	 -7.60	 -39.70
53.20	 -7.80	 -39.90
53.50	 -7.30	 -39.60
54.30	 -8.10	 -39.70
54.30	 -6.10	 -39.10
55.30	 -6.40	 -39.90
55.20	 -7.50	 -39.40
55.90	 -6.30	 -39.10
55.80	 -6.40	 -39.90
55.50	 -6.70	 -39.00
55.30	 -6.40	 -39.40
55.80	 -6.70	 -39.60
56.20	 -5.80	 -38.80
56.40	 -7.50	 -38.20
57.00	 -6.10	 -38.80
57.30	 -7.30	 -39.10
57.00	 -5.70	 -39.10
57.10	 -6.10	 -38.40
58.00	 -5.70	 -38.40
59.20	 -5.80	 -38.80
59.20	 -5.70	 -39.00
59.10	 -4.60	 -38.80
58.80	 -5.40	 -38.80
60.30	 -4.60	 -37.80
61.20	 -4.30	 -37.90
61.50	 -3.70	 -37.80
60.90	 -4.00	 -38.10
61.00	 -3.70	 -38.50
60.40	 -3.30	 -38.80
60.90	 -3.40	 -38.40
60.60	 -2.80	 -38.50
60.70	 -3.30	 -38.20
60.00	 -1.20	 -38.70
60.30	 -2.10	 -38.70
59.80	 -2.50	 -38.40
59.70	 -1.90	 -38.10
59.40	 -3.10	 -39.30
58.30	 -3.10	 -40.60
58.20	 -3.90	 -40.80
55.90	 -3.70	 -40.20
55.00	 -4.80	 -41.40
55.00	 -4.30	 -40.80
55.00	 -5.40	 -41.40
53.70	 -3.90	 -41.10
51.40	 -4.30	 -42.90
52.30	 -3.60	 -42.70
51.70	 -4.30	 -42.90
48.40	 -5.10	 -42.90
48.60	 -5.10	 -42.60
49.80	 -4.60	 -43.00
47.40	 -6.30	 -42.60
47.80	 -8.80	 -42.40
47.10	 -9.70	 -43.20
46.80	 -11.80	 -41.10
46.60	 -13.90	 -40.20
45.60	 -15.90	 -39.40
46.00	 -16.80	 -39.70
46.30	 -16.80	 -39.70
45.70	 -17.20	 -39.30
46.00	 -17.70	 -38.80
46.60	 -17.10	 -39.90
46.90	 -15.60	 -39.40
47.20	 -15.60	 -39.90
48.00	 -15.30	 -40.50
48.70	 -15.60	 -40.00
48.90	 -15.30	 -40.60
49.60	 -14.10	 -39.70
50.50	 -14.40	 -40.50
52.00	 -13.30	 -39.30
53.20	 -12.10	 -40.30
52.80	 -11.10	 -39.70
53.50	 -11.80	 -39.60
54.90	 -11.10	 -39.70
55.20	 -11.70	 -39.40
55.00	 -11.20	 -39.10
56.50	 -10.60	 -38.50
56.80	 -10.20	 -38.40
56.70	 -10.90	 -37.90
57.60	 -10.80	 -37.60
58.50	 -10.90	 -38.40
58.90	 -11.20	 -37.20
57.60	 -11.10	 -37.30
59.70	 -11.20	 -37.90
58.90	 -9.60	 -37.20
59.50	 -10.30	 -37.60
59.10	 -10.30	 -37.00
58.80	 -10.90	 -36.30
59.20	 -10.80	 -37.00
58.50	 -11.70	 -36.60
59.50	 -11.40	 -37.20
58.90	 -11.40	 -36.60
59.40	 -11.70	 -36.00
59.10	 -11.20	 -36.30
59.50	 -10.20	 -36.30
59.70	 -10.60	 -36.70
59.40	 -10.50	 -36.70
59.10	 -9.60	 -37.00
59.20	 -9.40	 -36.70
59.10	 -8.20	 -37.80
59.40	 -8.10	 -37.20
59.70	 -8.40	 -37.30
59.20	 -7.80	 -36.90
60.10	 -7.60	 -37.20
60.00	 -7.20	 -36.00
58.60	 -6.60	 -37.50
59.70	 -6.70	 -37.60
59.20	 -7.20	 -37.60
58.80	 -7.50	 -37.80
59.70	 -7.20	 -37.30
58.50	 -6.00	 -37.00
59.50	 -6.90	 -38.20
58.80	 -6.60	 -37.50
57.90	 -5.20	 -38.40
57.90	 -5.20	 -37.60
57.30	 -4.60	 -38.20
58.20	 -5.40	 -39.30
57.10	 -5.10	 -39.30
56.70	 -4.20	 -39.30
57.30	 -5.20	 -39.60
56.20	 -6.10	 -39.10
55.20	 -4.30	 -38.70
55.60	 -5.20	 -38.80
54.30	 -4.90	 -39.40
55.30	 -5.20	 -39.90
53.40	 -4.20	 -39.90
55.30	 -4.60	 -40.30
54.70	 -4.90	 -40.20
53.70	 -3.60	 -40.20
54.30	 -3.30	 -39.40
54.30	 -4.00	 -40.30
53.70	 -3.30	 -39.90
53.80	 -2.40	 -39.70
52.90	 -1.60	 -39.90
54.00	 -1.90	 -40.00
54.60	 -1.00	 -40.50
53.50	 -0.30	 -40.50
53.70	 -0.40	 -40.30
53.80	 0.30	 -40.50
53.20	 0.10	 -40.20
54.10	 -0.10	 -40.80
53.10	 -0.10	 -40.50
52.00	 -0.40	 -40.90
52.90	 0.30	 -39.90
53.80	 0.30	 -40.20
52.90	 -0.40	 -39.90
51.30	 -0.10	 -41.50
52.30	 0.60	 -41.10
51.60	 0.00	 -41.40
50.80	 0.90	 -41.10
50.40	 1.30	 -41.70
50.80	 1.90	 -41.20
51.90	 2.10	 -41.10
51.10	 2.40	 -40.80
52.30	 3.40	 -41.20
52.50	 4.50	 -40.60
53.50	 6.00	 -40.30
53.40	 7.60	 -39.10
54.60	 9.30	 -39.10
55.50	 10.50	 -38.40
55.20	 12.10	 -36.90
56.20	 14.10	 -36.10
56.20	 15.90	 -34.80
56.70	 18.60	 -33.90
58.00	 19.90	 -32.80
57.90	 21.60	 -31.80
57.90	 23.40	 -30.40
58.20	 24.60	 -28.90
59.20	 25.90	 -28.50
59.40	 25.80	 -27.60
59.80	 27.30	 -26.50
58.80	 28.00	 -26.70
60.10	 27.30	 -27.30
59.50	 26.50	 -26.50
59.10	 26.20	 -26.80
58.60	 26.70	 -27.40
59.80	 26.80	 -26.80
59.70	 26.20	 -27.10
60.70	 26.50	 -26.70
60.60	 27.70	 -26.20
59.80	 28.00	 -26.40
60.10	 26.40	 -26.50
60.60	 26.50	 -25.80
61.20	 27.30	 -25.50
61.20	 27.40	 -25.20
61.20	 26.40	 -26.80
60.60	 25.90	 -26.70
62.70	 24.40	 -27.00
62.20	 24.00	 -26.70
62.70	 23.10	 -27.40
61.90	 22.50	 -28.30
62.80	 22.30	 -26.80
64.00	 21.70	 -27.40
64.30	 20.10	 -26.70
65.10	 19.80	 -27.00
64.90	 19.50	 -27.10
64.60	 18.30	 -27.60
65.20	 17.10	 -27.30
65.20	 17.80	 -27.30
65.70	 15.40	 -27.40
66.00	 14.70	 -27.90
67.20	 13.30	 -27.90
67.20	 10.90	 -27.30
67.60	 9.90	 -28.20
68.20	 6.70	 -27.30
68.70	 5.20	 -28.20
68.40	 4.50	 -28.30
68.40	 2.10	 -27.90
69.30	 -0.40	 -26.50
69.40	 -1.00	 -26.10
71.10	 -4.30	 -25.80
70.80	 -5.50	 -25.20
70.50	 -6.70	 -25.60
70.60	 -8.10	 -25.50
70.60	 -8.40	 -23.80
70.20	 -9.40	 -23.20
70.50	 -9.40	 -23.80
70.90	 -9.40	 -23.80
70.50	 -9.60	 -24.40
71.40	 -8.20	 -24.60
69.40	 -6.30	 -25.80
69.90	 -6.10	 -25.30
69.40	 -4.60	 -25.80
69.40	 -2.20	 -26.80
68.80	 -0.30	 -27.10
69.40	 -0.30	 -26.40
69.60	 1.50	 -26.80
69.40	 2.40	 -26.80
69.90	 4.20	 -25.60
70.60	 4.00	 -26.50
70.00	 4.60	 -25.80
70.30	 5.80	 -25.30
70.50	 7.30	 -24.40
70.80	 8.80	 -24.30
71.50	 9.90	 -24.70
72.00	 9.00	 -23.40
71.40	 11.10	 -23.70
71.10	 11.50	 -22.60
71.80	 12.90	 -22.60
71.40	 13.60	 -22.00
71.70	 14.40	 -21.40
71.20	 15.90	 -20.50
71.70	 16.20	 -20.10
71.80	 17.80	 -19.60
70.90	 18.40	 -19.50
70.60	 19.90	 -18.70
70.20	 20.20	 -19.90
70.60	 21.10	 -19.50
70.00	 21.90	 -17.70
69.00	 22.80	 -18.70
69.30	 23.80	 -18.70
69.60	 24.90	 -17.10
68.80	 26.70	 -17.10
68.80	 26.10	 -17.10
68.40	 27.30	 -16.20
67.50	 28.50	 -17.20
67.20	 28.60	 -16.00
65.70	 28.90	 -16.20
66.40	 29.20	 -17.10
66.00	 29.80	 -15.90
66.10	 30.00	 -15.90
66.10	 30.10	 -16.00
65.50	 30.10	 -15.30
65.80	 31.50	 -15.70
64.90	 30.70	 -14.80
64.90	 32.20	 -15.00
64.50	 31.30	 -14.70
64.20	 30.70	 -14.70
63.40	 31.90	 -15.70
63.60	 32.10	 -15.30
63.60	 31.90	 -15.60
63.40	 32.10	 -16.20
62.20	 32.20	 -16.80
62.50	 31.80	 -16.90
61.80	 32.20	 -17.10
61.50	 31.90	 -17.40
61.80	 31.80	 -18.00
60.30	 32.80	 -19.00
60.40	 33.10	 -18.00
60.00	 33.60	 -17.50
59.20	 33.40	 -18.40
58.80	 33.70	 -17.70
59.40	 34.20	 -17.50
59.10	 34.00	 -18.60
58.90	 33.70	 -17.80
58.80	 34.20	 -18.10
58.30	 33.90	 -17.40
57.70	 34.60	 -17.40
57.70	 34.90	 -16.80
57.90	 34.90	 -17.40
57.40	 34.00	 -18.10
56.20	 34.80	 -18.00
56.50	 34.80	 -17.80
57.90	 35.10	 -18.00
58.20	 34.80	 -17.80
57.40	 34.30	 -18.30
57.40	 34.50	 -17.40
57.60	 35.10	 -17.80
57.00	 35.40	 -17.70
56.50	 35.50	 -16.80
58.20	 35.40	 -16.90
56.70	 35.40	 -16.50
57.00	 35.70	 -17.10
57.40	 35.70	 -16.90
55.80	 36.10	 -16.80
56.50	 35.40	 -17.20
56.80	 35.70	 -17.70
56.70	 34.60	 -17.20
56.80	 34.60	 -17.20
57.90	 34.80	 -17.10
56.70	 35.40	 -16.20
58.80	 35.50	 -16.30
59.40	 34.60	 -15.30
60.30	 34.90	 -15.70
60.90	 33.40	 -16.80
61.80	 32.20	 -16.20
63.30	 32.10	 -16.50
65.10	 30.90	 -17.10
65.70	 28.60	 -16.90
67.30	 27.70	 -17.20
68.40	 26.50	 -16.90
68.40	 25.80	 -16.90
69.00	 25.60	 -17.10
70.30	 23.70	 -18.10
70.00	 22.20	 -18.30
71.20	 21.40	 -16.90
71.20	 20.70	 -18.00
72.00	 19.20	 -17.80
72.70	 18.70	 -18.00
72.40	 18.00	 -17.40
73.80	 17.10	 -17.40
73.90	 16.30	 -17.40
74.40	 16.60	 -17.40
75.30	 13.90	 -16.50
75.70	 13.30	 -17.20
77.10	 12.30	 -16.60
76.50	 11.70	 -16.60
76.60	 9.90	 -15.70
77.70	 9.90	 -15.90
77.70	 7.90	 -15.00
77.80	 6.70	 -15.00
78.60	 5.80	 -15.10
77.50	 4.50	 -14.10
77.70	 3.90	 -14.40
77.50	 2.40	 -14.40
78.40	 0.70	 -14.20
77.80	 -0.40	 -15.00
78.00	 -2.10	 -13.50
78.70	 -2.40	 -15.30
78.10	 -3.30	 -14.20
78.30	 -4.30	 -13.30
78.30	 -6.00	 -13.60
78.40	 -5.70	 -13.50
77.80	 -6.70	 -13.50
77.50	 -8.20	 -13.80
78.00	 -8.70	 -15.00
77.20	 -9.30	 -13.80
75.40	 -10.80	 -14.70
76.90	 -11.80	 -14.20
76.30	 -13.20	 -13.60
75.00	 -14.50	 -14.40
74.10	 -15.70	 -14.10
74.50	 -16.60	 -14.10
73.60	 -17.70	 -14.80
73.60	 -18.10	 -14.10
72.70	 -18.70	 -15.60
72.30	 -18.70	 -14.50
72.00	 -20.70	 -15.40
72.10	 -21.90	 -14.10
70.90	 -22.00	 -13.80
70.30	 -23.10	 -13.60
69.40	 -24.00	 -14.20
68.50	 -23.70	 -13.90
68.70	 -24.90	 -13.90
68.50	 -26.40	 -13.60
67.80	 -27.10	 -14.10
66.30	 -26.20	 -13.60
66.40	 -27.10	 -15.10
65.80	 -28.00	 -14.40
65.10	 -27.90	 -15.10
64.60	 -28.80	 -14.50
62.50	 -29.80	 -15.00
63.70	 -30.30	 -15.60
62.70	 -30.10	 -14.80
61.80	 -30.70	 -15.40
61.20	 -31.20	 -16.60
61.80	 -32.20	 -15.40
60.30	 -30.90	 -15.70
60.00	 -32.80	 -16.00
59.10	 -32.40	 -15.70
58.60	 -32.20	 -17.10
59.20	 -32.20	 -16.60
58.50	 -31.90	 -18.00
57.90	 -32.40	 -17.50
58.60	 -32.80	 -17.80
58.90	 -31.50	 -18.60
57.70	 -32.20	 -17.10
57.70	 -32.80	 -17.70
57.00	 -33.00	 -16.00
58.00	 -34.00	 -16.30
57.90	 -33.10	 -16.30
57.40	 -34.20	 -15.30
57.90	 -33.60	 -15.00
57.70	 -33.70	 -13.60
58.50	 -34.90	 -13.60
58.80	 -34.60	 -12.30
60.00	 -33.90	 -11.10
59.80	 -35.10	 -10.50
59.80	 -33.60	 -10.20
61.20	 -34.60	 -9.60
62.40	 -33.70	 -9.00
61.00	 -34.20	 -7.60
62.80	 -34.00	 -6.90
62.10	 -33.60	 -6.40
63.10	 -34.00	 -5.80
63.40	 -33.00	 -5.50
63.00	 -34.00	 -4.50
61.90	 -34.50	 -3.30
63.70	 -33.30	 -2.20
63.00	 -34.50	 -2.10
62.80	 -34.00	 -1.60
63.40	 -33.00	 0.00
63.90	 -33.40	 1.00
63.70	 -33.00	 2.10
65.20	 -32.80	 1.80
65.10	 -32.20	 2.10
65.50	 -32.20	 3.00
66.60	 -31.20	 3.30
67.50	 -31.80	 4.30
67.20	 -30.90	 4.30
67.50	 -30.10	 5.20
68.80	 -29.50	 6.10
69.30	 -29.10	 7.20
70.00	 -28.30	 6.40
70.60	 -28.00	 6.70
70.50	 -27.30	 7.50
70.60	 -27.60	 6.70
72.00	 -26.20	 7.80
71.80	 -26.40	 7.20
72.60	 -25.80	 7.30
72.60	 -25.30	 8.50
73.50	 -24.70	 9.00
72.60	 -24.70	 9.10
73.30	 -23.70	 10.50
73.60	 -24.00	 10.20
73.20	 -22.80	 11.10
73.60	 -22.50	 10.90
74.40	 -21.90	 11.20
74.40	 -21.60	 10.80
74.70	 -21.00	 12.00
75.10	 -20.10	 11.80
75.90	 -19.60	 12.40
75.40	 -19.60	 12.00
75.90	 -19.20	 12.40
75.60	 -18.70	 12.30
76.30	 -19.20	 12.10
76.80	 -18.40	 13.00
77.10	 -18.10	 12.00
77.70	 -16.30	 12.10
77.50	 -16.00	 13.30
78.30	 -15.90	 13.00
78.00	 -15.40	 12.00
78.60	 -15.30	 11.40
79.20	 -14.10	 12.30
78.70	 -14.20	 11.80
79.60	 -13.30	 12.00
79.30	 -12.10	 12.00
79.80	 -11.40	 12.30
81.00	 -10.90	 11.40
81.40	 -10.80	 11.40
80.50	 -10.00	 10.80
81.10	 -10.20	 10.90
81.30	 -8.70	 10.20
81.70	 -8.10	 9.90
82.30	 -7.00	 10.50
82.60	 -6.70	 9.00
82.80	 -6.60	 9.60
84.00	 -5.80	 8.10
82.60	 -6.00	 8.70
83.40	 -4.90	 7.90
83.50	 -4.20	 7.00
83.10	 -4.00	 6.40
84.00	 -2.40	 6.10
83.80	 -1.00	 5.80
84.00	 -0.40	 5.40
84.60	 1.00	 4.90
84.30	 2.10	 5.10
84.90	 3.10	 3.90
84.90	 2.70	 2.80
84.40	 5.20	 1.90
84.90	 3.90	 3.10
84.10	 4.80	 1.30
85.00	 7.00	 0.00
84.40	 7.50	 -0.40
84.00	 7.00	 -0.40
83.80	 8.70	 -0.70
84.60	 9.00	 -1.30
83.70	 8.80	 -1.20
84.00	 9.60	 -1.90
84.00	 10.00	 -1.20
83.80	 11.70	 -1.90
84.00	 9.90	 -1.60
84.60	 9.00	 -2.40
84.40	 9.40	 -1.50
84.30	 9.00	 -2.50
84.40	 9.30	 -2.10
84.30	 8.20	 -2.80
84.10	 8.40	 -2.70
84.40	 7.60	 -2.10
84.10	 6.60	 -1.80
85.00	 4.90	 -1.30
84.40	 4.20	 -1.90
83.50	 3.10	 -0.60
82.90	 2.80	 -0.30
83.40	 0.90	 0.90
83.70	 -0.10	 1.50
83.70	 -1.80	 0.10
83.40	 -1.90	 1.20
82.90	 -3.70	 2.10
83.80	 -4.60	 2.10
82.60	 -6.70	 1.60
81.90	 -7.30	 1.90
82.00	 -9.70	 2.40
81.60	 -10.00	 2.10
80.10	 -11.40	 0.70
79.90	 -13.80	 0.70
79.00	 -14.40	 -0.10
78.40	 -16.20	 -0.30
77.20	 -17.40	 -1.50
76.60	 -18.90	 -1.50
74.10	 -20.10	 -0.60
74.10	 -22.00	 -0.90
73.30	 -23.10	 -1.60
71.40	 -24.30	 -1.80
70.60	 -26.20	 -1.50
68.70	 -27.00	 -1.50
68.20	 -27.60	 -1.90
66.60	 -28.20	 -3.10
65.20	 -29.10	 -3.10
64.80	 -29.80	 -4.00
64.00	 -30.40	 -4.90
62.20	 -31.00	 -4.80
60.90	 -31.80	 -6.70
58.60	 -33.10	 -6.00
57.40	 -33.00	 -7.20
57.00	 -32.40	 -6.60
56.10	 -34.00	 -7.60
54.60	 -34.60	 -8.20
53.50	 -33.70	 -7.90
53.10	 -34.60	 -7.80
52.00	 -35.20	 -6.40
51.90	 -35.40	 -6.90
53.10	 -35.20	 -6.30
53.80	 -34.50	 -6.10
54.10	 -35.10	 -5.10
54.60	 -33.70	 -6.10
55.30	 -34.50	 -5.70
56.40	 -33.30	 -6.30
57.70	 -33.40	 -5.80
57.30	 -33.00	 -6.10
58.90	 -32.20	 -4.90
59.80	 -32.70	 -5.80
58.80	 -33.00	 -6.10
59.50	 -32.40	 -6.00
61.20	 -31.90	 -6.70
61.20	 -30.70	 -6.40
62.40	 -31.00	 -7.50
63.40	 -30.10	 -7.50
64.00	 -29.40	 -7.00
64.30	 -29.50	 -7.80
65.80	 -28.20	 -8.40
66.00	 -27.60	 -8.40
67.60	 -26.70	 -9.30
68.20	 -26.70	 -8.80
69.10	 -25.80	 -9.60
70.30	 -24.30	 -9.70
71.70	 -23.80	 -10.00
72.10	 -22.20	 -10.80
71.70	 -21.00	 -10.90
72.70	 -20.40	 -10.50
73.60	 -18.70	 -11.20
74.40	 -18.70	 -10.90
73.90	 -18.10	 -11.10
75.10	 -17.40	 -11.20
75.90	 -16.30	 -10.80
76.30	 -16.20	 -12.40
75.70	 -15.90	 -13.20
75.30	 -14.70	 -14.10
75.40	 -12.60	 -14.70
75.70	 -13.30	 -15.90
75.30	 -11.40	 -16.60
74.80	 -9.60	 -17.10
75.00	 -9.10	 -18.40
75.10	 -7.60	 -20.10
75.10	 -5.10	 -20.40
75.30	 -4.00	 -21.10
74.20	 -3.40	 -21.10
75.30	 -1.60	 -22.20
75.10	 -0.30	 -21.10
75.40	 1.30	 -22.00
75.40	 3.60	 -21.70
75.40	 5.10	 -21.10
75.40	 6.60	 -20.50
76.20	 7.90	 -20.20
75.10	 10.30	 -19.80
75.30	 10.90	 -19.20
75.30	 11.70	 -19.80
75.00	 12.10	 -19.60
75.40	 13.80	 -19.60
75.10	 14.70	 -20.10
74.50	 13.90	 -19.30
74.10	 15.10	 -20.40
75.40	 16.30	 -20.20
73.30	 16.20	 -20.80
72.60	 17.20	 -20.40
72.60	 16.80	 -20.80
72.10	 16.80	 -20.70
72.70	 18.30	 -20.70
72.40	 16.50	 -21.30
73.30	 16.50	 -21.40
71.80	 17.20	 -21.30
72.40	 16.30	 -21.10
73.20	 15.40	 -21.30
73.30	 15.70	 -20.50
73.60	 14.10	 -20.70
73.60	 13.80	 -20.70
74.50	 13.50	 -21.30
73.90	 12.30	 -19.90
75.30	 11.10	 -20.70
75.70	 9.30	 -19.20
74.80	 8.70	 -19.90
75.40	 8.40	 -19.80
77.40	 6.90	 -19.20
76.00	 6.60	 -18.60
76.20	 4.30	 -18.70
76.20	 3.60	 -18.60
76.60	 1.50	 -18.60
76.90	 -0.60	 -18.40
76.30	 -1.50	 -18.30
76.00	 -3.60	 -18.10
75.60	 -4.50	 -18.90
75.10	 -5.20	 -19.20
74.40	 -7.20	 -18.30
75.00	 -7.80	 -18.30
73.90	 -9.60	 -18.30
73.60	 -11.50	 -18.10
72.90	 -12.10	 -19.30
73.00	 -13.20	 -18.40
72.00	 -13.20	 -18.30
71.10	 -15.60	 -17.40
71.20	 -16.90	 -17.70
70.50	 -17.20	 -18.40
69.90	 -19.20	 -17.80
69.30	 -19.50	 -18.10
69.60	 -19.60	 -18.10
68.50	 -20.20	 -17.70
67.30	 -21.00	 -18.40
66.40	 -22.00	 -19.60
66.30	 -21.90	 -19.90
64.90	 -21.70	 -20.10
65.40	 -22.50	 -20.10
64.50	 -22.60	 -20.20
63.70	 -22.60	 -20.40
63.00	 -23.40	 -21.00
63.90	 -23.50	 -20.50
63.90	 -22.90	 -20.70
63.40	 -23.20	 -21.10
63.10	 -24.30	 -21.00
63.70	 -22.80	 -22.00
64.30	 -23.20	 -21.60
64.90	 -21.90	 -21.70
64.20	 -21.30	 -20.20
65.40	 -22.20	 -22.30
65.70	 -21.90	 -20.70
65.80	 -22.30	 -19.50
65.70	 -21.90	 -19.90
66.10	 -20.20	 -19.90
67.60	 -20.70	 -20.40
67.30	 -20.20	 -20.50
67.00	 -18.60	 -19.90
67.60	 -18.10	 -20.10
69.10	 -16.60	 -19.80
69.60	 -15.30	 -20.10
69.30	 -14.50	 -21.30
71.80	 -14.50	 -21.40
71.20	 -14.40	 -21.10
71.70	 -12.60	 -20.50
71.10	 -12.90	 -20.70
72.40	 -11.20	 -20.50
72.60	 -11.10	 -20.80
72.90	 -10.20	 -20.70
73.00	 -9.10	 -20.10
73.90	 -8.80	 -19.60
73.60	 -9.30	 -19.00
73.60	 -9.30	 -19.30
75.00	 -7.90	 -19.00
74.20	 -8.20	 -18.90
74.10	 -7.60	 -19.20
74.10	 -7.50	 -19.20
76.00	 -6.40	 -19.00
74.80	 -6.90	 -19.20
74.50	 -7.80	 -19.90
74.50	 -7.00	 -19.90
74.40	 -7.60	 -20.40
74.70	 -8.40	 -19.60
75.30	 -7.80	 -19.50
75.60	 -7.30	 -18.90
75.30	 -7.90	 -18.60
75.40	 -8.50	 -17.80
76.00	 -7.30	 -17.20
76.00	 -7.30	 -17.50
76.80	 -8.40	 -16.80
77.50	 -6.70	 -16.00
78.10	 -7.00	 -15.30
77.50	 -7.00	 -16.00
77.50	 -6.10	 -15.90
78.00	 -5.70	 -14.80
78.70	 -5.50	 -13.60
79.60	 -4.60	 -13.60
78.70	 -4.00	 -13.00
80.50	 -2.80	 -10.80
80.80	 -1.80	 -11.20
80.50	 -1.20	 -10.30
81.10	 0.70	 -9.40
82.60	 1.20	 -8.80
83.70	 3.00	 -8.10
81.90	 3.40	 -8.40
82.80	 4.00	 -6.70
81.90	 4.90	 -6.40
82.50	 6.10	 -5.80
83.40	 6.40	 -6.10
82.00	 7.00	 -5.50
83.50	 6.60	 -4.30
82.90	 7.90	 -4.80
83.50	 7.20	 -5.40
84.10	 7.00	 -4.30
84.00	 7.50	 -4.50
83.50	 7.50	 -4.30
83.20	 8.40	 -4.30
83.20	 7.30	 -4.20
83.40	 7.90	 -3.70
83.40	 7.90	 -4.30
83.50	 8.70	 -4.30
83.50	 9.30	 -4.20
84.60	 8.50	 -5.20
83.50	 8.40	 -4.30
83.40	 8.50	 -3.90
84.00	 8.50	 -3.70
83.70	 9.30	 -3.90
83.50	 8.40	 -3.60
83.10	 9.90	 -3.90
83.70	 9.40	 -2.80
84.10	 9.60	 -2.80
83.70	 9.10	 -3.60
84.00	 9.90	 -1.90
83.20	 9.40	 -2.20
83.10	 9.00	 -2.40
82.90	 9.40	 -1.80
83.70	 10.00	 -1.80
83.10	 11.50	 -1.60
83.80	 12.10	 -1.60
83.20	 12.00	 -1.30
83.50	 13.30	 -1.00
82.60	 13.20	 -0.30
83.10	 13.80	 -0.60
83.70	 13.20	 -1.00
83.20	 13.20	 -0.90
83.50	 13.00	 -0.90
83.50	 13.20	 -0.10
82.20	 12.70	 -0.60
82.50	 13.30	 -1.00
82.90	 13.50	 -1.00
82.80	 14.10	 -0.90
82.80	 13.80	 -0.60
82.90	 14.10	 -0.60
84.10	 13.80	 -1.30
82.60	 13.60	 -1.30
82.60	 15.00	 -1.80
82.50	 15.40	 -2.20
81.90	 14.70	 -2.50
81.90	 14.10	 -1.80
81.70	 15.60	 -1.30
82.80	 15.70	 -1.90
82.20	 15.90	 -1.30
82.60	 15.60	 -1.60
82.50	 15.60	 -2.20
81.70	 15.70	 -2.10
82.20	 16.30	 -2.20
82.50	 16.00	 -1.50
82.30	 16.30	 -1.90
81.70	 16.00	 -2.10
82.00	 16.20	 -2.20
81.30	 16.20	 -3.70
81.70	 16.90	 -3.30
81.30	 17.80	 -3.00
81.70	 18.00	 -3.10
81.40	 16.90	 -3.40
80.40	 17.70	 -3.40
79.80	 17.50	 -3.90
81.40	 18.00	 -3.70
80.50	 18.60	 -3.60
81.00	 18.70	 -2.40
79.90	 18.90	 -2.80
80.40	 19.60	 -2.70
79.80	 19.90	 -2.70
80.20	 19.60	 -1.30
79.60	 19.60	 -1.50
80.40	 20.10	 -0.10
79.90	 19.00	 1.50
80.40	 20.10	 2.20
80.50	 18.40	 2.40
79.80	 19.20	 4.30
80.40	 18.90	 4.60
79.80	 18.10	 5.40
78.70	 18.70	 7.90
80.20	 19.60	 8.20
78.10	 20.40	 9.70
79.20	 20.10	 11.10
76.90	 21.10	 11.70
78.30	 21.60	 13.30
77.20	 21.60	 13.90
75.90	 22.90	 13.30
76.30	 22.80	 13.90
75.00	 24.30	 14.80
75.90	 23.70	 15.10
74.10	 23.40	 16.20
74.40	 23.40	 16.30
74.40	 24.30	 17.70
74.20	 23.40	 17.50
74.40	 22.60	 18.10
73.30	 22.50	 18.70
74.20	 21.70	 19.20
74.10	 22.20	 19.80
73.60	 22.20	 18.90
75.00	 22.60	 18.10
73.00	 22.20	 18.60
74.20	 22.30	 19.60
73.50	 22.80	 20.50
72.70	 22.20	 21.70
73.20	 21.90	 22.00
71.80	 22.20	 22.60
72.10	 21.70	 23.40
70.80	 21.70	 23.50
69.40	 21.70	 24.30
72.00	 21.90	 25.00
69.70	 21.40	 26.40
70.80	 20.40	 26.50
69.90	 20.70	 28.60
68.80	 20.40	 29.40
68.20	 19.00	 30.30
67.00	 19.20	 29.80
67.90	 17.50	 31.60
67.00	 18.30	 33.00
65.40	 17.50	 33.40
64.60	 16.90	 34.00
64.30	 17.20	 34.30
63.30	 17.10	 35.80
62.70	 16.30	 36.00
62.10	 15.60	 35.50
61.00	 13.50	 37.30
61.90	 13.90	 37.20
60.70	 11.80	 38.20
59.80	 11.10	 39.70
59.10	 11.70	 40.30
57.70	 8.80	 40.60
56.10	 9.10	 40.60
56.80	 5.70	 40.90
55.20	 5.10	 41.40
55.00	 3.00	 41.70
54.10	 1.20	 41.40
53.40	 0.60	 41.40
53.20	 -1.90	 42.00
51.90	 -4.00	 40.80
50.70	 -7.30	 40.30
51.10	 -9.40	 40.00
49.30	 -10.90	 39.00
49.80	 -11.50	 38.40
48.90	 -14.40	 37.20
48.90	 -16.80	 36.60
47.80	 -19.80	 34.00
46.60	 -21.10	 32.20
45.70	 -23.50	 30.70
45.40	 -26.40	 27.70
44.20	 -28.60	 24.90
45.00	 -30.10	 22.80
44.80	 -31.50	 19.60
44.20	 -32.70	 16.90
42.90	 -34.50	 14.40
42.40	 -34.50	 11.50
42.10	 -36.10	 8.80
42.70	 -36.60	 8.20
42.70	 -35.10	 6.40
41.50	 -36.30	 4.80
40.80	 -36.70	 4.50
41.50	 -36.30	 3.40
41.20	 -36.90	 1.60
41.70	 -36.10	 0.90
42.00	 -35.80	 -1.00
39.70	 -36.10	 -2.20
40.50	 -36.00	 -3.70
40.90	 -35.20	 -4.30
41.40	 -35.80	 -6.10
41.50	 -36.00	 -7.50
42.70	 -34.20	 -8.40
42.40	 -33.70	 -10.60
43.50	 -33.40	 -11.40
43.80	 -32.70	 -13.50
45.40	 -32.40	 -15.40
45.70	 -32.10	 -15.30
46.60	 -31.60	 -16.60
47.20	 -30.60	 -18.10
48.00	 -29.40	 -18.60
48.40	 -29.40	 -19.60
50.10	 -27.60	 -20.20
50.10	 -27.90	 -22.20
51.10	 -26.80	 -22.20
52.90	 -26.10	 -22.90
53.20	 -24.60	 -23.50
52.30	 -23.80	 -24.60
54.60	 -22.60	 -24.40
54.90	 -21.70	 -25.30
55.80	 -21.00	 -25.90
56.20	 -21.10	 -26.10
57.90	 -20.10	 -25.50
56.80	 -18.10	 -25.80
58.30	 -18.10	 -27.70
58.60	 -16.20	 -27.90
58.90	 -16.20	 -27.70
60.10	 -14.50	 -27.40
60.60	 -15.30	 -27.00
61.00	 -14.50	 -27.00
61.90	 -13.50	 -26.80
62.40	 -13.20	 -26.80
62.80	 -13.00	 -26.80
62.70	 -13.20	 -26.80
63.70	 -11.70	 -26.10
65.10	 -11.10	 -26.50
63.90	 -11.20	 -26.70
65.20	 -9.60	 -26.70
66.00	 -8.50	 -26.40
65.40	 -9.90	 -27.10
65.70	 -8.80	 -26.70
66.90	 -8.10	 -26.40
67.90	 -8.10	 -25.90
67.80	 -6.70	 -26.10
67.60	 -6.40	 -26.20
68.20	 -6.00	 -25.30
67.30	 -5.10	 -25.80
67.80	 -4.30	 -25.30
69.60	 -3.30	 -25.00
70.50	 -3.40	 -24.70
70.30	 -2.50	 -25.00
70.30	 -1.90	 -24.60
71.70	 -1.50	 -23.40
71.70	 -0.30	 -23.20
72.60	 0.00	 -23.10
72.10	 -0.10	 -23.70
73.50	 0.70	 -22.00
73.30	 1.20	 -22.00
73.90	 2.20	 -22.00
73.80	 2.70	 -21.00
74.50	 3.70	 -19.90
75.10	 4.00	 -20.10
75.30	 4.80	 -18.70
75.40	 4.60	 -18.30
75.40	 5.10	 -17.50
76.90	 5.70	 -16.90
76.80	 7.20	 -17.20
76.80	 6.10	 -15.70
77.10	 6.00	 -15.40
77.10	 6.00	 -14.40
78.00	 6.70	 -13.80
79.00	 6.40	 -14.10
78.40	 7.20	 -13.20
78.60	 7.00	 -13.30
78.70	 6.40	 -13.00
79.50	 7.60	 -11.80
79.30	 8.50	 -11.20
79.80	 9.10	 -11.10
80.20	 9.10	 -10.20
79.50	 9.40	 -9.30
79.20	 11.10	 -8.80
80.40	 10.30	 -8.10
80.10	 10.50	 -6.40
80.80	 10.30	 -6.00
80.70	 10.90	 -5.50
80.50	 10.60	 -5.40
79.90	 10.20	 -4.30
81.40	 10.20	 -4.50
80.50	 10.30	 -4.30
80.80	 9.90	 -4.30
82.20	 9.60	 -3.10
81.70	 10.30	 -3.30
81.30	 10.00	 -3.70
81.70	 9.70	 -4.30
81.90	 9.10	 -3.90
81.40	 9.30	 -3.60
81.40	 9.10	 -2.80
81.70	 8.80	 -3.30
82.50	 9.10	 -2.20
81.10	 9.10	 -2.50
81.60	 9.90	 -2.20
82.20	 8.70	 -1.90
81.90	 9.00	 -1.30
81.40	 9.10	 -0.90
81.60	 8.70	 -0.10
82.30	 8.50	 -0.60
82.80	 8.50	 0.30
81.60	 8.50	 0.70
83.40	 8.70	 1.30
82.90	 7.90	 2.10
82.00	 8.70	 2.70
82.20	 8.80	 3.00
82.50	 8.70	 3.30
83.10	 7.60	 3.40
83.20	 7.90	 4.50
82.60	 7.20	 4.00
83.10	 7.30	 4.50
82.50	 7.80	 3.90
83.20	 6.70	 5.10
82.00	 6.60	 5.80
82.30	 7.00	 6.00
83.20	 6.10	 6.00
82.20	 6.00	 6.70
82.80	 5.40	 6.40
83.20	 4.30	 5.10
83.10	 4.00	 5.80
83.70	 3.30	 6.40
83.10	 2.50	 6.40
83.80	 3.30	 7.20
83.70	 1.90	 7.90
83.70	 1.50	 7.50
83.70	 1.30	 7.00
83.50	 0.70	 8.20
82.50	 -0.30	 8.70
83.40	 -1.80	 8.50
83.20	 -2.10	 9.10
83.10	 -3.00	 7.80
82.30	 -4.00	 9.30
82.20	 -6.10	 7.90
82.00	 -7.00	 7.30
82.50	 -7.80	 8.80
81.90	 -8.40	 8.20
82.00	 -9.10	 8.40
82.00	 -9.40	 8.70
81.30	 -10.60	 8.50
81.40	 -12.30	 8.10
81.40	 -13.60	 7.20
80.70	 -14.20	 8.10
80.20	 -15.40	 7.00
79.50	 -17.10	 6.90
80.50	 -15.70	 6.70
79.00	 -17.70	 6.00
79.20	 -17.80	 5.20
78.70	 -18.40	 5.20
77.80	 -20.10	 5.10
77.70	 -19.90	 4.00
77.20	 -20.70	 3.40
77.40	 -21.30	 2.50
77.40	 -21.70	 2.80
76.00	 -22.90	 1.50
76.20	 -23.50	 1.00
75.70	 -25.00	 0.30
74.50	 -24.10	 -0.40
73.80	 -26.40	 -1.30
73.00	 -26.50	 -2.20
73.30	 -26.50	 -4.20
72.10	 -27.90	 -5.80
72.60	 -28.60	 -6.60
71.80	 -27.40	 -9.40
70.60	 -29.10	 -9.40
70.30	 -28.20	 -10.30
69.10	 -28.90	 -12.70
68.50	 -28.80	 -13.60
68.40	 -30.00	 -13.50
66.70	 -30.10	 -15.60
66.60	 -30.70	 -16.50
66.00	 -30.70	 -16.80
64.90	 -30.30	 -17.80
63.70	 -30.30	 -18.40
63.10	 -30.00	 -19.20
63.10	 -31.80	 -19.20
63.70	 -29.40	 -19.80
61.90	 -30.00	 -19.60
61.90	 -30.90	 -19.90
60.00	 -30.60	 -20.40
60.60	 -31.80	 -20.50
59.20	 -31.90	 -20.50
59.20	 -32.80	 -19.60
58.00	 -33.00	 -19.90
57.40	 -33.10	 -20.20
56.10	 -33.90	 -19.60
56.80	 -34.50	 -19.80
56.80	 -34.50	 -19.30
55.90	 -34.30	 -19.00
56.40	 -34.30	 -20.40
55.60	 -34.20	 -19.90
56.10	 -33.60	 -19.20
56.70	 -34.90	 -18.40
56.10	 -35.20	 -18.00
55.30	 -35.70	 -17.20
56.40	 -35.50	 -17.20
56.10	 -35.20	 -17.10
55.90	 -35.70	 -16.80
56.10	 -35.70	 -16.60
55.60	 -36.00	 -15.60
55.00	 -36.00	 -15.00
55.50	 -35.80	 -14.80
54.60	 -36.00	 -13.50
55.50	 -37.50	 -14.80
55.20	 -37.30	 -13.50
54.90	 -37.50	 -13.50
55.80	 -37.30	 -13.30
55.90	 -38.20	 -12.70
55.50	 -38.20	 -11.80
55.00	 -37.30	 -11.10
54.40	 -37.90	 -11.20
54.90	 -39.60	 -10.90
55.20	 -38.50	 -9.40
55.30	 -38.80	 -9.10
55.60	 -39.10	 -8.80
54.60	 -38.70	 -9.10
54.90	 -39.10	 -9.40
55.30	 -38.50	 -7.90
54.40	 -39.70	 -7.90
55.00	 -38.80	 -8.20
54.30	 -39.40	 -7.50
54.60	 -40.60	 -6.70
54.60	 -40.00	 -4.90
54.60	 -40.30	 -4.00
54.10	 -39.60	 -4.30
54.90	 -40.80	 -3.10
54.30	 -40.80	 -2.80
53.80	 -40.90	 -2.70
53.70	 -40.50	 -2.40
53.80	 -40.50	 -1.80
54.00	 -40.60	 -0.90
53.10	 -40.50	 -0.90
52.90	 -40.90	 0.10
53.50	 -41.50	 0.90
53.10	 -40.30	 1.20
52.80	 -39.90	 2.70
52.90	 -40.60	 3.10
53.50	 -40.20	 4.30
53.40	 -39.70	 4.20
52.20	 -42.30	 5.40
52.60	 -40.60	 4.60
52.50	 -40.80	 4.80
52.90	 -41.10	 7.20
52.00	 -40.90	 7.90
51.60	 -40.20	 8.80
51.90	 -39.70	 10.90
52.20	 -40.50	 11.80
51.70	 -40.00	 13.90
52.00	 -39.30	 14.70
52.60	 -38.70	 17.50
52.90	 -37.90	 18.40
51.40	 -37.80	 19.30
52.00	 -37.30	 19.80
52.20	 -37.00	 20.50
52.90	 -36.10	 21.60
53.40	 -36.00	 21.90
53.20	 -35.80	 22.60
52.80	 -35.40	 24.30
53.10	 -33.60	 24.70
53.40	 -33.90	 26.10
54.40	 -33.00	 27.30
54.30	 -32.40	 27.40
55.60	 -32.10	 28.60
55.90	 -31.50	 28.20
56.40	 -30.90	 29.80
57.00	 -30.10	 28.90
57.00	 -29.50	 30.00
57.30	 -29.10	 29.40
58.30	 -28.30	 31.00
58.20	 -27.90	 31.00
58.50	 -27.40	 31.20
58.80	 -26.80	 31.90
58.90	 -26.10	 33.00
60.40	 -24.90	 33.60
60.30	 -23.50	 34.50
61.30	 -22.80	 35.70
62.10	 -20.50	 36.60
60.90	 -19.50	 36.70
61.30	 -16.60	 37.90
61.80	 -16.20	 38.20
62.50	 -13.50	 39.00
62.80	 -12.60	 40.50
64.00	 -10.00	 40.50
64.00	 -9.10	 41.20
64.50	 -5.50	 41.70
64.60	 -4.50	 41.80
66.00	 -2.20	 41.10
65.70	 -0.40	 41.20
66.60	 -0.40	 40.90
66.40	 0.00	 39.90
68.10	 1.20	 40.30
68.20	 1.00	 39.40
68.70	 1.90	 37.90
70.60	 2.40	 38.40
70.00	 3.40	 38.10
70.50	 4.20	 37.80
71.70	 4.00	 38.10
72.10	 4.60	 37.30
71.80	 6.70	 36.70
71.70	 6.70	 35.50
71.20	 7.30	 35.70
71.70	 7.80	 35.20
71.80	 9.10	 34.50
73.50	 9.10	 34.30
73.20	 10.20	 33.70
73.90	 10.50	 34.00
73.00	 11.70	 33.40
73.60	 12.70	 32.40
73.90	 13.30	 31.30
75.00	 14.50	 31.50
73.60	 15.40	 30.70
75.00	 15.60	 29.70
74.40	 14.50	 30.10
75.30	 15.60	 29.10
75.60	 16.00	 28.50
76.50	 15.70	 27.60
76.30	 14.80	 27.60
76.30	 14.50	 27.30
77.20	 14.70	 26.80
75.60	 15.00	 26.70
77.50	 16.80	 25.20
76.30	 15.90	 24.60
77.20	 16.20	 25.00
77.20	 15.90	 23.70
78.10	 17.20	 24.00
78.30	 16.80	 24.00
77.50	 17.10	 22.60
77.70	 17.70	 23.10
76.80	 18.00	 23.20
77.80	 17.80	 22.50
78.10	 18.10	 21.90
78.30	 16.80	 22.30
78.60	 17.40	 21.10
78.30	 16.60	 19.00
78.90	 16.60	 18.40
79.00	 15.40	 18.60
79.60	 15.60	 17.70
79.50	 15.00	 17.20
80.70	 13.90	 16.30
79.90	 13.20	 17.20
80.10	 11.50	 17.70
80.50	 10.60	 18.30
80.40	 9.90	 17.70
80.40	 9.40	 17.80
79.80	 8.50	 19.60
80.10	 6.90	 20.40
78.70	 6.90	 21.10
78.60	 5.40	 21.10
79.00	 5.20	 22.20
78.30	 4.90	 22.00
78.10	 4.60	 24.00
78.40	 3.60	 24.60
78.00	 3.10	 24.60
76.50	 3.60	 25.60
76.30	 3.40	 26.20
76.00	 3.00	 25.80
75.10	 3.30	 27.00
74.70	 2.80	 28.30
73.20	 2.50	 29.20
73.60	 1.80	 29.50
73.90	 1.60	 30.30
73.30	 0.90	 30.10
72.40	 0.40	 30.40
72.70	 0.40	 30.60
71.40	 0.10	 31.30
70.20	 0.90	 33.60
69.30	 0.30	 32.10
69.00	 1.20	 33.40
67.90	 1.80	 33.60
67.50	 1.00	 33.70
67.20	 1.80	 35.50
66.00	 1.80	 35.10
65.10	 1.20	 36.30
65.40	 0.90	 36.70
63.60	 1.30	 36.60
62.40	 0.30	 37.30
62.70	 0.40	 37.80
61.50	 0.30	 37.80
61.30	 -0.10	 37.90
60.70	 0.00	 39.00
60.40	 -0.30	 37.80
60.30	 0.10	 38.70
60.10	 -0.60	 39.40
58.60	 0.10	 38.40
58.50	 -0.10	 38.70
57.60	 -0.60	 39.40
56.70	 -1.80	 39.70
56.20	 -1.90	 38.80
55.60	 -1.90	 39.60
55.20	 -4.50	 39.60
54.00	 -6.10	 39.90
53.20	 -5.50	 40.00
52.80	 -7.00	 40.20
51.40	 -7.60	 39.70
52.00	 -7.50	 38.50
50.40	 -8.20	 38.80
50.20	 -9.00	 39.00
49.20	 -9.40	 39.10
48.60	 -11.20	 39.40
47.50	 -9.70	 39.60
48.00	 -11.10	 39.30
48.10	 -11.20	 39.40
46.80	 -10.90	 39.00
46.60	 -12.10	 39.10
46.50	 -13.00	 38.70
46.20	 -13.80	 37.80
44.50	 -15.30	 37.50
45.00	 -16.50	 37.00
45.70	 -17.40	 35.10
44.40	 -18.60	 34.60
43.20	 -20.80	 33.00
42.70	 -22.80	 32.50
42.70	 -24.10	 30.40
43.50	 -27.00	 27.40
42.70	 -28.30	 24.70
42.60	 -30.70	 21.00
42.00	 -31.60	 18.00
42.10	 -33.30	 14.80
43.20	 -34.00	 11.40
41.70	 -34.80	 8.50
42.70	 -35.20	 6.70
41.80	 -35.80	 5.10
42.60	 -36.30	 4.30
40.30	 -35.70	 3.70
41.40	 -35.20	 2.70
40.60	 -35.80	 2.10
41.70	 -36.30	 1.80
41.20	 -35.50	 -0.30
42.00	 -35.80	 -1.50
42.30	 -35.20	 -2.40
42.40	 -35.80	 -3.70
41.10	 -35.20	 -4.90
42.40	 -34.90	 -5.70
41.70	 -35.10	 -6.90
42.00	 -34.30	 -7.80
42.60	 -34.80	 -9.60
42.10	 -33.30	 -10.00
42.90	 -33.90	 -11.40
42.90	 -33.70	 -12.00
42.90	 -33.00	 -12.30
42.30	 -32.70	 -13.20
43.50	 -32.10	 -14.20
43.60	 -31.30	 -15.10
44.10	 -32.50	 -15.30
43.50	 -31.00	 -15.90
43.50	 -31.00	 -17.10
44.40	 -29.10	 -18.30
44.40	 -29.70	 -18.60
44.50	 -28.90	 -20.20
45.40	 -28.00	 -20.80
45.10	 -28.60	 -21.00
45.10	 -28.00	 -22.00
45.10	 -28.00	 -22.30
45.60	 -27.10	 -22.00
45.30	 -26.10	 -22.30
46.20	 -25.50	 -23.70
46.00	 -25.60	 -24.30
46.00	 -25.00	 -24.30
46.30	 -24.30	 -24.90
47.50	 -23.80	 -24.70
47.80	 -23.70	 -25.30
47.50	 -23.10	 -25.90
47.80	 -23.50	 -27.00
48.10	 -22.50	 -26.70
48.60	 -22.80	 -26.80
49.80	 -21.00	 -27.10
50.70	 -20.80	 -28.50
50.70	 -20.10	 -27.90
52.00	 -19.90	 -27.90
52.90	 -19.20	 -27.60
52.50	 -19.00	 -28.20
53.70	 -18.90	 -28.60
55.20	 -18.00	 -28.20
55.60	 -16.50	 -28.60
57.10	 -16.00	 -28.90
57.30	 -15.10	 -28.00
57.70	 -13.00	 -28.60
58.50	 -12.10	 -28.30
59.80	 -10.80	 -28.80
60.90	 -10.50	 -28.20
62.50	 -7.80	 -28.80
62.10	 -8.10	 -28.90
63.90	 -6.70	 -29.10
63.90	 -6.10	 -28.00
63.90	 -5.80	 -27.60
66.10	 -3.90	 -28.00
65.20	 -1.80	 -27.70
66.60	 -1.60	 -27.10
67.60	 -1.20	 -27.40
67.90	 0.10	 -26.10
68.40	 2.20	 -25.50
69.60	 3.10	 -25.30
70.90	 4.30	 -23.10
71.80	 4.50	 -22.50
72.00	 6.10	 -21.00
73.80	 5.70	 -20.40
73.60	 6.10	 -19.90
72.90	 6.90	 -18.70
74.80	 7.30	 -17.70
75.60	 8.10	 -17.20
76.20	 8.10	 -14.70
76.00	 9.30	 -14.10
76.50	 9.10	 -12.70
77.10	 9.70	 -12.60
77.70	 11.20	 -11.70
76.90	 11.80	 -9.40
77.50	 12.40	 -8.70
78.10	 12.30	 -7.60
78.40	 12.70	 -6.70
78.90	 13.90	 -5.10
79.00	 13.90	 -4.30
78.70	 14.80	 -3.30
78.90	 14.50	 -2.70
78.60	 15.10	 -1.20
79.20	 15.70	 -1.50
79.20	 15.70	 1.00
79.30	 16.00	 0.40
80.20	 15.40	 1.50
79.30	 15.00	 2.20
80.10	 15.00	 3.00
79.00	 14.20	 3.70
79.80	 15.90	 4.00
79.90	 15.10	 4.90
80.20	 14.20	 6.30
79.00	 14.40	 6.30
79.90	 14.40	 7.50
79.80	 14.10	 8.10
79.60	 14.50	 8.20
79.30	 13.60	 9.70
80.10	 13.80	 10.80
80.40	 11.80	 10.30
79.80	 12.70	 11.50
80.50	 11.10	 11.70
80.10	 10.80	 12.70
80.10	 10.60	 13.60
81.00	 9.90	 14.10
80.40	 9.30	 14.80
79.20	 9.10	 15.60
80.20	 7.80	 15.90
79.80	 8.20	 17.10
80.10	 6.60	 18.00
79.60	 4.90	 18.10
78.40	 4.20	 18.10
78.90	 4.20	 18.00
79.20	 4.20	 18.40
79.00	 3.90	 19.50
79.30	 3.70	 19.20
78.70	 3.30	 19.50
78.90	 3.60	 19.80
78.40	 1.60	 21.30
78.40	 2.70	 20.20
78.70	 3.10	 20.70
78.30	 2.20	 20.70
78.10	 1.50	 21.00
77.70	 1.00	 20.50
77.80	 0.70	 21.60
77.80	 -0.10	 21.90
78.00	 -0.70	 21.40
77.10	 -0.70	 22.00
77.20	 0.00	 23.40
77.40	 -0.70	 23.50
76.00	 -0.70	 23.50
76.30	 -0.40	 25.30
75.40	 -0.70	 25.50
75.90	 -1.80	 26.50
75.10	 -3.40	 26.10
74.50	 -3.90	 26.50
74.40	 -5.40	 27.30
73.80	 -5.40	 27.60
72.40	 -7.00	 28.20
72.70	 -7.20	 28.60
71.50	 -7.90	 28.00
72.10	 -9.90	 28.50
69.90	 -10.00	 29.40
69.90	 -10.20	 29.40
69.00	 -11.50	 29.10
69.10	 -11.70	 29.40
69.30	 -13.60	 28.60
68.50	 -13.90	 29.20
67.20	 -15.70	 28.00
67.60	 -15.30	 28.20
67.00	 -16.80	 27.60
67.00	 -18.30	 26.50
66.60	 -18.70	 26.10
66.60	 -20.70	 25.00
67.00	 -21.10	 24.90
65.70	 -20.70	 24.30
65.50	 -22.00	 23.20
66.10	 -22.80	 22.80
65.10	 -25.20	 20.70
64.20	 -25.00	 20.50
63.30	 -26.40	 19.00
61.80	 -28.50	 18.40
61.90	 -27.60	 18.60
61.80	 -29.20	 17.70
60.70	 -30.00	 16.80
60.40	 -29.80	 14.10
60.30	 -30.70	 13.60
58.80	 -31.30	 11.50
58.50	 -32.70	 10.00
58.30	 -33.60	 8.40
57.30	 -34.90	 7.30
56.80	 -33.90	 6.10
56.10	 -34.30	 4.60
54.60	 -34.60	 5.20
52.60	 -36.00	 4.50
51.70	 -35.80	 4.20
50.70	 -36.00	 4.30
49.90	 -36.10	 3.00
48.00	 -37.20	 3.70
48.60	 -36.30	 3.30
47.50	 -36.60	 3.30
47.80	 -36.10	 3.00
47.50	 -36.90	 1.90
46.60	 -36.90	 1.50
45.70	 -37.80	 0.10
45.10	 -36.30	 -0.40
45.10	 -36.00	 -1.20
45.60	 -37.20	 -2.70
45.40	 -36.00	 -3.10
44.50	 -35.50	 -4.60
44.20	 -36.30	 -5.40
45.40	 -35.80	 -6.70
44.80	 -35.40	 -6.10
44.20	 -35.80	 -8.40
44.70	 -35.40	 -8.10
44.70	 -35.20	 -9.10
44.20	 -34.30	 -9.70
43.80	 -34.00	 -9.70
42.60	 -34.50	 -11.20
43.80	 -33.90	 -12.30
43.60	 -33.40	 -12.30
43.60	 -33.70	 -13.90
43.60	 -33.00	 -14.10
43.60	 -33.00	 -14.40
43.90	 -32.20	 -16.20
43.80	 -31.50	 -17.40
43.30	 -30.60	 -18.40
42.70	 -30.30	 -18.00
43.50	 -31.00	 -18.70
44.50	 -29.50	 -19.80
44.80	 -30.00	 -19.80
45.70	 -29.20	 -20.10
46.20	 -28.90	 -21.30
46.90	 -28.60	 -20.70
47.40	 -27.40	 -22.30
47.50	 -28.00	 -21.70
46.90	 -26.70	 -21.90
46.90	 -27.60	 -22.20
46.80	 -27.00	 -23.20
47.40	 -26.50	 -23.70
47.10	 -26.40	 -24.30
46.90	 -27.00	 -22.90
47.10	 -27.00	 -23.70
45.90	 -26.80	 -23.70
45.90	 -27.60	 -22.30
45.30	 -27.10	 -23.80
45.30	 -26.40	 -23.10
46.80	 -26.20	 -23.80
45.30	 -26.70	 -23.80
44.10	 -26.50	 -24.10
46.20	 -27.40	 -23.50
45.40	 -27.30	 -22.80
45.70	 -26.20	 -23.10
45.40	 -26.50	 -23.70
46.90	 -27.30	 -23.40
46.00	 -27.40	 -23.50
44.70	 -26.50	 -24.40
45.10	 -26.70	 -24.10
46.20	 -26.50	 -24.00
46.00	 -26.20	 -23.50
45.10	 -26.10	 -24.00
46.50	 -27.30	 -24.40
45.40	 -26.20	 -24.90
46.00	 -25.50	 -24.40
46.00	 -26.40	 -24.00
47.10	 -26.10	 -24.30
47.10	 -25.80	 -24.90
48.90	 -26.10	 -24.90
47.20	 -26.10	 -24.60
48.40	 -25.60	 -25.00
48.70	 -25.90	 -24.40
48.60	 -24.70	 -24.90
48.90	 -24.70	 -25.90
48.90	 -25.50	 -25.30
49.80	 -25.00	 -25.30
50.20	 -24.70	 -25.30
49.50	 -23.80	 -25.90
50.10	 -24.90	 -25.60
50.80	 -24.40	 -25.80
51.10	 -24.10	 -25.50
51.30	 -25.00	 -25.90
52.80	 -23.70	 -25.90
52.00	 -24.00	 -26.10
51.60	 -22.60	 -27.30
51.40	 -22.90	 -27.00
51.60	 -22.90	 -27.10
52.60	 -22.80	 -26.80
52.80	 -22.30	 -27.00
53.50	 -23.20	 -27.30
52.80	 -23.10	 -27.10
53.10	 -23.80	 -25.80
52.60	 -24.40	 -26.20
52.60	 -24.40	 -25.60
53.70	 -23.50	 -25.90
53.80	 -23.70	 -25.30
53.70	 -24.00	 -25.80
53.80	 -24.10	 -25.50
52.90	 -23.70	 -26.10
55.00	 -24.00	 -25.50
53.50	 -24.10	 -25.60
54.60	 -24.90	 -25.00
54.10	 -23.50	 -24.70
54.90	 -24.60	 -24.00
55.90	 -25.80	 -23.10
54.90	 -26.20	 -22.20
55.60	 -25.90	 -22.20
55.30	 -27.40	 -22.90
54.70	 -26.80	 -22.00
55.50	 -28.50	 -21.40
55.00	 -26.70	 -20.70
55.60	 -27.60	 -20.40
54.40	 -27.90	 -22.20
54.90	 -27.70	 -20.80
54.30	 -27.90	 -20.80
55.20	 -28.20	 -20.50
53.70	 -28.50	 -19.50
55.30	 -28.60	 -21.10
55.30	 -28.90	 -20.40
54.40	 -28.80	 -20.20
53.70	 -28.80	 -19.90
53.70	 -28.50	 -20.70
55.00	 -28.50	 -21.40
54.70	 -28.80	 -19.90
53.50	 -29.10	 -21.10
53.80	 -28.60	 -21.00
54.00	 -27.90	 -21.00
52.50	 -29.40	 -21.60
54.10	 -28.90	 -20.70
54.60	 -29.40	 -21.10
54.00	 -29.80	 -21.40
54.00	 -28.50	 -22.20
53.70	 -28.80	 -22.50
53.80	 -28.60	 -21.70
52.50	 -29.20	 -21.90
51.70	 -29.10	 -22.20
52.30	 -29.50	 -20.20
51.40	 -31.00	 -20.10
51.70	 -30.70	 -18.90
51.90	 -32.10	 -17.70
52.00	 -33.70	 -15.70
51.60	 -34.60	 -15.00
52.30	 -34.80	 -13.50
51.40	 -34.60	 -13.90
52.00	 -35.20	 -12.60
51.10	 -36.10	 -11.40
51.70	 -35.50	 -11.50
51.40	 -36.90	 -10.00
52.30	 -36.10	 -8.10
50.40	 -36.10	 -7.00
51.10	 -37.60	 -4.90
51.60	 -37.50	 -3.10
52.20	 -37.60	 -0.70
50.80	 -38.40	 -0.70
51.30	 -38.80	 -0.30
52.50	 -39.00	 1.00
51.40	 -38.40	 1.90
50.20	 -38.20	 3.60
51.00	 -38.10	 5.80
51.40	 -38.20	 6.90
51.60	 -38.40	 9.00
51.70	 -38.10	 10.50
52.50	 -37.00	 12.40
53.20	 -36.70	 12.40
54.00	 -36.70	 14.70
53.70	 -35.80	 16.50
53.50	 -35.10	 18.70
55.00	 -34.80	 19.60
55.20	 -32.80	 20.40
55.50	 -32.70	 22.60
55.80	 -31.30	 24.60
56.50	 -29.70	 26.20
57.90	 -27.90	 28.80
57.00	 -26.20	 31.00
58.20	 -25.00	 31.90
57.70	 -23.40	 33.00
59.20	 -21.30	 34.80
58.50	 -20.20	 35.40
59.20	 -18.70	 36.40
59.10	 -17.20	 37.50
59.20	 -15.60	 39.30
59.10	 -13.20	 41.10
59.80	 -12.00	 40.90
59.80	 -9.10	 42.30
59.80	 -7.00	 42.40
60.90	 -5.40	 42.10
60.40	 -3.00	 42.30
60.70	 -2.70	 41.80
60.70	 -0.70	 43.50
60.60	 0.70	 42.90
61.80	 0.90	 42.90
60.70	 2.50	 42.70
60.90	 3.40	 43.50
62.40	 4.90	 43.60
63.00	 6.70	 43.50
62.40	 8.10	 42.60
63.90	 9.60	 43.00
63.00	 10.20	 42.00
63.00	 11.80	 41.70
64.20	 12.60	 41.50
65.20	 14.40	 40.80
63.60	 16.50	 40.90
63.30	 18.90	 38.50
64.60	 20.50	 37.90
64.80	 23.50	 36.30
65.10	 24.60	 35.50
64.30	 26.10	 35.10
66.30	 27.40	 33.60
66.00	 27.70	 32.20
66.60	 29.80	 31.20
66.70	 29.70	 29.50
67.80	 30.70	 28.50
68.20	 32.10	 26.50
68.50	 32.10	 24.90
69.30	 32.80	 23.70
69.70	 33.90	 21.70
69.00	 34.00	 21.00
69.30	 35.20	 19.50
70.00	 35.70	 18.30
70.50	 35.40	 16.90
69.60	 36.00	 15.70
70.20	 37.30	 15.70
69.60	 37.30	 14.50
69.70	 37.00	 13.80
69.40	 38.10	 12.60
69.40	 37.80	 12.00
69.10	 39.30	 10.50
68.50	 39.60	 10.00
69.30	 38.40	 9.10
68.10	 40.00	 8.80
68.10	 38.50	 7.00
69.60	 38.40	 5.40
70.00	 38.80	 4.50
70.50	 38.70	 3.30
69.60	 39.30	 1.20
69.40	 38.70	 1.30
69.40	 38.50	 -0.40
69.90	 39.60	 -0.40
68.70	 39.00	 -1.80
68.50	 39.40	 -1.90
69.70	 39.10	 -3.90
67.50	 39.00	 -4.00
69.60	 39.70	 -4.50
68.10	 38.70	 -6.40
67.60	 39.00	 -7.90
68.70	 38.70	 -9.00
67.60	 37.90	 -10.60
68.20	 36.70	 -13.00
68.20	 36.30	 -14.40
67.80	 34.60	 -16.60
67.20	 33.70	 -17.20
67.50	 34.50	 -18.40
67.00	 33.40	 -19.20
67.90	 32.10	 -21.10
67.90	 31.00	 -21.60
68.20	 30.00	 -22.20
66.90	 30.70	 -23.10
66.40	 31.30	 -22.50
66.00	 31.90	 -23.40
66.40	 32.20	 -21.60
66.60	 32.20	 -21.10
66.30	 33.70	 -20.20
65.80	 34.00	 -21.00
66.10	 34.30	 -21.00
65.70	 32.70	 -22.80
64.00	 32.20	 -24.00
64.60	 30.30	 -25.80
63.60	 30.10	 -26.70
62.80	 29.10	 -28.50
62.40	 27.10	 -30.60
61.90	 25.80	 -32.10
60.60	 23.80	 -33.10
60.30	 22.50	 -32.70
59.40	 21.10	 -36.10
59.10	 19.00	 -37.00
57.40	 16.90	 -38.70
57.00	 15.10	 -39.00
56.10	 14.10	 -40.00
56.10	 12.10	 -40.90
55.20	 10.20	 -41.40
54.60	 10.00	 -41.20
53.20	 9.10	 -41.20
51.60	 9.30	 -41.50
51.00	 8.40	 -41.70
49.60	 8.50	 -42.90
47.70	 7.30	 -43.00
47.50	 6.70	 -43.00
46.30	 6.60	 -44.10
45.60	 6.10	 -43.50
45.40	 6.00	 -44.10
44.80	 6.30	 -44.20
43.60	 5.70	 -44.10
43.80	 5.50	 -43.80
43.20	 4.90	 -43.30
43.00	 4.60	 -45.40
42.60	 4.60	 -45.00
42.30	 4.00	 -44.80
41.40	 4.50	 -43.90
42.10	 2.40	 -44.40
41.20	 4.30	 -43.80
40.60	 4.00	 -44.70
39.60	 4.30	 -44.20
40.30	 3.90	 -45.10
39.30	 3.60	 -45.40
38.70	 2.50	 -44.70
37.60	 3.00	 -44.70
37.80	 3.10	 -45.40
36.70	 3.10	 -43.90
36.40	 4.50	 -44.80
36.70	 3.30	 -45.40
35.40	 3.30	 -43.60
35.10	 3.10	 -43.90
35.10	 4.30	 -44.50
34.00	 4.60	 -45.60
33.70	 4.90	 -44.50
33.10	 4.60	 -44.50
32.20	 4.60	 -44.50
31.80	 5.40	 -44.10
32.20	 5.20	 -43.90
31.60	 4.80	 -44.80
30.10	 4.90	 -43.80
30.10	 4.00	 -44.50
31.60	 4.20	 -44.10
31.60	 3.60	 -44.20
30.90	 3.30	 -43.50
31.20	 3.30	 -44.20
32.40	 3.30	 -44.70
31.00	 3.40	 -43.80
30.90	 3.40	 -43.50
31.90	 3.00	 -44.40
33.00	 3.00	 -44.40
32.50	 3.30	 -44.50
33.00	 4.50	 -44.20
33.90	 4.30	 -44.40
33.30	 5.50	 -43.90
34.80	 6.70	 -45.00
38.10	 7.90	 -44.40
39.10	 8.80	 -44.20
40.20	 10.00	 -43.80
41.80	 12.70	 -43.00
40.60	 15.90	 -42.30
41.40	 18.00	 -42.40
40.90	 23.20	 -39.70
41.40	 27.30	 -37.50
40.60	 32.20	 -33.00
40.90	 37.60	 -30.00
41.20	 40.20	 -26.70
42.40	 43.00	 -23.20
43.50	 44.40	 -21.10
44.10	 44.40	 -20.20
42.90	 45.90	 -20.40
44.70	 44.50	 -21.00
43.90	 45.10	 -20.70
44.50	 45.00	 -19.00
45.00	 46.20	 -18.00
44.20	 45.60	 -17.50
46.00	 45.70	 -18.60
44.50	 46.60	 -18.70
45.00	 45.40	 -19.80
44.20	 44.80	 -20.70
44.50	 45.40	 -20.50
42.70	 44.40	 -20.20
43.50	 45.30	 -19.80
41.80	 45.60	 -19.00
42.40	 46.90	 -18.30
42.70	 47.20	 -16.50
42.30	 47.10	 -16.60
41.70	 47.50	 -15.30
42.70	 48.60	 -13.60
42.90	 48.10	 -14.40
42.30	 48.10	 -14.20
42.90	 48.10	 -13.60
43.50	 48.30	 -13.30
42.90	 48.70	 -12.70
43.50	 49.20	 -12.00
42.70	 50.40	 -9.40
41.80	 49.90	 -8.50
43.60	 51.10	 -5.40
43.30	 50.20	 -2.70
44.20	 51.40	 -1.20
43.00	 51.30	 0.70
43.20	 51.70	 2.80
43.20	 52.30	 5.40
43.20	 51.40	 6.70
43.20	 52.50	 10.80
42.70	 50.70	 13.30
40.90	 50.20	 18.10
41.10	 48.30	 22.30
40.90	 48.00	 26.10
39.60	 45.10	 29.40
39.60	 44.50	 31.90
39.30	 42.70	 34.30
38.80	 40.80	 35.40
39.40	 39.70	 37.20
37.30	 38.40	 38.20
38.70	 38.40	 38.40
37.30	 37.80	 39.00
38.80	 37.20	 39.10
36.90	 37.00	 39.40
37.80	 36.40	 39.60
36.70	 34.90	 40.30
36.40	 34.50	 41.50
36.90	 33.60	 42.40
36.00	 31.50	 43.30
35.70	 30.70	 44.50
35.20	 29.70	 44.50
34.60	 27.60	 45.40
34.50	 25.90	 46.80
33.00	 24.60	 47.20
33.10	 22.90	 47.50
33.00	 20.40	 48.40
32.80	 18.40	 48.40
31.60	 16.80	 49.30
32.20	 14.80	 50.50
30.10	 12.40	 50.10
30.10	 9.90	 49.90
30.10	 7.30	 49.80
29.20	 4.80	 50.10
29.20	 2.40	 49.50
29.50	 0.00	 49.50
29.20	 -2.50	 48.90
27.70	 -5.40	 48.00
28.60	 -6.70	 47.50
30.30	 -11.10	 46.30
29.20	 -12.70	 44.80
28.80	 -15.90	 44.10
28.90	 -18.60	 41.70
29.10	 -20.70	 40.30
29.80	 -23.50	 38.80
29.40	 -25.20	 37.30
30.10	 -27.00	 34.90
30.90	 -28.60	 33.90
29.80	 -29.20	 32.70
30.40	 -30.90	 31.60
31.20	 -31.80	 29.80
30.60	 -33.70	 28.20
32.50	 -34.60	 25.90
31.90	 -36.00	 24.40
33.70	 -37.30	 21.70
33.30	 -37.50	 19.90
34.50	 -38.10	 19.00
34.00	 -39.90	 18.00
34.80	 -39.60	 15.40
34.50	 -40.00	 15.70
33.90	 -39.90	 14.10
34.80	 -40.60	 14.10
34.50	 -40.20	 13.20
35.10	 -40.30	 12.30
34.30	 -41.20	 10.90
34.60	 -41.70	 9.60
34.60	 -42.00	 7.50
35.10	 -42.00	 5.80
33.00	 -41.80	 4.00
34.50	 -42.40	 2.50
33.70	 -42.60	 0.10
34.90	 -40.90	 -1.00
35.40	 -42.00	 -1.60
35.70	 -41.50	 -2.20
35.40	 -41.50	 -3.30
35.70	 -41.40	 -3.70
35.80	 -41.10	 -5.70
36.90	 -40.60	 -7.80
35.50	 -40.90	 -8.70
36.90	 -40.50	 -11.50
37.50	 -39.30	 -14.10
38.20	 -39.00	 -16.60
37.30	 -36.70	 -18.60
37.50	 -36.10	 -21.00
37.90	 -34.80	 -22.90
38.40	 -33.90	 -23.70
38.80	 -33.90	 -24.00
39.40	 -33.30	 -24.70
39.30	 -32.80	 -26.40
39.40	 -32.10	 -26.80
40.90	 -30.90	 -27.90
40.80	 -29.40	 -30.10
41.80	 -27.70	 -31.50
42.40	 -26.10	 -33.00
43.50	 -24.30	 -33.90
42.90	 -22.90	 -35.70
43.20	 -21.10	 -36.70
43.80	 -19.20	 -36.90
43.80	 -18.60	 -38.70
44.40	 -17.50	 -39.60
44.20	 -17.20	 -39.00
44.70	 -16.80	 -40.00
44.70	 -14.20	 -39.40
45.10	 -14.10	 -40.20
46.20	 -12.60	 -40.30
46.30	 -11.20	 -41.10
46.80	 -10.20	 -41.50
48.00	 -8.50	 -41.40
48.00	 -9.00	 -41.20
48.70	 -8.70	 -40.90
50.10	 -7.20	 -41.70
50.80	 -6.60	 -40.80
51.60	 -7.30	 -41.20
52.30	 -7.20	 -40.90
53.20	 -7.30	 -40.60
54.90	 -8.20	 -39.90
56.10	 -7.20	 -39.70
56.10	 -7.90	 -40.00
57.00	 -7.20	 -39.00
57.70	 -7.80	 -38.50
56.50	 -7.90	 -38.80
58.80	 -8.20	 -38.20
60.00	 -7.90	 -37.50
60.40	 -8.50	 -37.90
61.00	 -7.90	 -37.60
61.90	 -7.80	 -36.90
63.00	 -7.50	 -36.40
63.70	 -8.50	 -35.10
64.90	 -8.40	 -34.50
65.70	 -8.20	 -34.00
66.60	 -7.60	 -33.60
68.10	 -6.60	 -31.60
69.30	 -4.80	 -31.60
71.40	 -5.80	 -29.80
72.10	 -5.40	 -29.70
73.20	 -4.90	 -28.50
74.50	 -4.20	 -27.40
74.40	 -3.70	 -26.20
75.30	 -4.80	 -27.00
75.00	 -4.30	 -26.10
75.30	 -3.70	 -25.80
75.90	 -3.60	 -25.50
75.60	 -4.60	 -25.60
76.20	 -4.60	 -24.90
75.40	 -4.50	 -25.80
76.30	 -6.00	 -25.30
75.30	 -6.30	 -25.20
73.30	 -7.60	 -27.40
74.50	 -8.80	 -26.40
72.40	 -9.90	 -27.30
72.40	 -11.40	 -27.90
71.40	 -11.50	 -28.30
69.70	 -12.90	 -29.80
68.40	 -13.00	 -30.30
67.80	 -14.40	 -30.30
66.40	 -14.50	 -31.00
65.40	 -15.70	 -31.80
64.90	 -15.70	 -30.40
63.40	 -16.80	 -31.80
63.10	 -19.20	 -31.60
63.00	 -19.90	 -32.10
60.70	 -21.00	 -31.60
59.80	 -22.30	 -31.90
57.70	 -23.40	 -31.80
56.50	 -23.80	 -31.50
56.20	 -24.60	 -31.00
55.20	 -25.80	 -30.10
53.80	 -27.10	 -29.10
52.90	 -28.30	 -28.90
51.60	 -30.10	 -28.00
52.30	 -30.30	 -26.80
52.50	 -30.30	 -25.90
51.00	 -31.50	 -26.50
50.10	 -31.20	 -26.40
49.60	 -32.80	 -23.40
50.70	 -33.00	 -23.50
50.20	 -33.90	 -23.20
50.10	 -34.30	 -22.50
49.80	 -35.70	 -21.40
50.20	 -35.70	 -19.60
49.20	 -36.70	 -18.30
49.20	 -36.70	 -17.10
50.50	 -37.80	 -17.10
50.20	 -38.80	 -16.50
51.40	 -37.80	 -15.30
50.80	 -38.20	 -15.60
51.60	 -38.40	 -15.40
51.40	 -37.90	 -14.80
51.30	 -37.50	 -14.70
52.50	 -37.60	 -14.10
52.50	 -38.10	 -12.90
52.20	 -37.80	 -12.30
53.40	 -39.40	 -11.50
54.30	 -39.60	 -9.30
53.20	 -40.30	 -8.20
53.80	 -40.00	 -7.20
53.70	 -39.30	 -6.90
53.70	 -40.00	 -5.50
52.80	 -40.60	 -5.10
51.90	 -40.00	 -4.50
52.20	 -40.30	 -2.50
52.50	 -41.20	 -1.50
52.00	 -41.10	 -0.10
52.20	 -41.50	 1.90
51.40	 -41.10	 5.20
49.50	 -40.80	 9.90
49.60	 -41.20	 13.50
48.70	 -39.10	 17.20
48.70	 -38.10	 21.30
47.70	 -37.20	 26.20
46.80	 -33.90	 30.00
46.50	 -30.30	 34.20
45.60	 -28.20	 36.70
43.90	 -24.90	 39.00
44.80	 -22.90	 41.70
44.10	 -22.60	 42.90
42.70	 -21.10	 42.30
43.30	 -21.60	 42.10
43.00	 -22.30	 41.70
43.60	 -23.40	 40.30
44.40	 -24.40	 39.40
46.30	 -25.60	 38.50
47.70	 -24.90	 38.10
48.70	 -26.10	 36.40
50.70	 -25.20	 37.90
51.40	 -23.70	 38.10
54.10	 -22.30	 38.20
55.50	 -21.00	 37.90
56.50	 -19.90	 38.10
58.80	 -19.20	 37.60
60.90	 -18.40	 37.90
61.20	 -17.70	 36.90
61.50	 -17.10	 37.30
64.60	 -16.50	 37.60
63.60	 -15.10	 35.20
63.90	 -16.00	 35.80
66.00	 -16.30	 35.50
66.40	 -14.40	 34.20
66.70	 -14.80	 35.20
67.50	 -14.20	 34.30
68.80	 -13.00	 33.70
69.10	 -12.60	 33.90
70.20	 -11.10	 33.10
71.10	 -10.30	 32.40
72.90	 -9.00	 32.70
72.40	 -8.40	 30.90
72.90	 -8.80	 32.20
73.30	 -9.10	 29.70
74.40	 -8.70	 30.10
75.10	 -9.90	 29.50
75.10	 -8.10	 28.80
75.40	 -7.80	 28.90
76.80	 -6.30	 29.10
76.20	 -5.80	 28.90
76.00	 -4.30	 28.50
76.20	 -3.00	 28.60
76.50	 -2.80	 28.80
77.20	 -2.20	 29.20
77.10	 -1.60	 29.70
77.50	 -0.60	 28.50
78.00	 -0.10	 28.20
76.90	 0.60	 28.00
77.70	 0.90	 28.60
77.80	 1.30	 28.20
78.40	 1.90	 28.50
77.20	 2.20	 30.10
78.10	 2.50	 28.30
76.90	 2.80	 28.60
78.40	 2.80	 28.00
78.00	 3.70	 27.40
77.40	 4.20	 27.90
78.00	 4.50	 29.20
77.80	 4.90	 28.00
77.40	 6.00	 27.70
79.00	 5.80	 27.60
79.00	 6.30	 26.40
78.90	 6.70	 26.10
78.30	 7.30	 25.80
79.60	 7.90	 25.00
79.90	 8.10	 24.40
79.80	 9.70	 24.10
79.30	 10.00	 24.90
80.40	 10.00	 23.10
79.60	 9.90	 23.10
80.50	 10.90	 23.10
81.00	 11.40	 23.20
80.10	 11.40	 23.20
80.70	 11.80	 21.90
79.80	 10.80	 23.20
80.10	 11.50	 22.30
79.80	 11.40	 22.80
80.20	 10.20	 23.70
80.10	 10.30	 23.10
80.10	 10.20	 23.10
79.90	 9.90	 22.30
78.70	 10.30	 23.20
80.10	 9.90	 23.40
80.10	 9.10	 22.60
80.10	 8.40	 22.80
80.40	 8.10	 22.80
80.80	 9.00	 22.50
79.80	 8.20	 22.30
81.10	 7.80	 23.40
80.20	 6.10	 23.40
80.20	 7.50	 23.70
79.80	 7.00	 23.80
79.90	 5.10	 24.70
79.80	 4.90	 24.90
80.10	 3.60	 25.20
78.40	 3.60	 25.20
79.30	 4.50	 25.50
79.80	 3.70	 24.60
79.60	 3.90	 25.60
79.80	 4.20	 24.60
79.90	 3.30	 24.60
79.60	 3.30	 24.60
80.10	 3.10	 25.30
80.50	 1.90	 25.30
79.30	 1.20	 25.90
79.30	 0.10	 25.90
78.40	 -1.90	 25.60
78.70	 -2.10	 26.40
79.20	 -2.80	 26.10
78.90	 -3.70	 27.30
78.70	 -3.60	 27.10
77.80	 -4.50	 26.50
77.80	 -4.80	 28.00
78.10	 -5.20	 27.90
77.70	 -4.30	 27.40
78.40	 -4.60	 27.10
77.10	 -4.20	 27.30
78.00	 -4.50	 28.20
77.50	 -3.90	 28.30
77.70	 -4.30	 27.90
76.30	 -3.30	 28.30
77.10	 -3.70	 28.80
76.90	 -3.90	 28.20
76.30	 -5.10	 28.60
76.20	 -4.90	 28.90
77.40	 -6.40	 28.80
76.00	 -6.90	 28.60
76.30	 -7.00	 28.80
76.50	 -7.00	 29.20
75.70	 -7.90	 29.80
75.40	 -8.70	 29.10
74.70	 -9.30	 28.30
75.40	 -9.40	 28.80
75.70	 -8.70	 29.40
74.80	 -9.40	 29.80
74.80	 -10.60	 30.00
74.20	 -9.10	 30.00
74.20	 -10.30	 30.00
73.20	 -11.40	 30.10
73.30	 -11.50	 30.10
73.50	 -12.00	 30.10
72.60	 -12.10	 30.40
72.70	 -12.60	 30.00
72.10	 -13.80	 30.10
72.70	 -14.10	 29.40
72.00	 -14.40	 30.30
71.40	 -15.30	 29.40
72.00	 -15.40	 29.70
71.50	 -16.30	 30.30
70.60	 -17.70	 30.10
70.60	 -15.90	 30.60
70.00	 -17.70	 30.10
70.20	 -18.00	 29.20
70.30	 -17.80	 28.50
71.20	 -18.10	 29.70
70.50	 -18.60	 29.70
70.00	 -18.00	 29.10
70.60	 -18.70	 29.20
69.60	 -18.40	 29.80
70.90	 -19.90	 28.50
70.30	 -19.20	 28.00
69.40	 -20.10	 28.90
69.40	 -19.60	 28.00
70.20	 -20.70	 27.90
71.10	 -21.10	 27.10
69.10	 -20.70	 27.60
70.60	 -20.70	 27.30
71.10	 -19.90	 27.60
70.60	 -21.00	 27.70
69.10	 -21.70	 26.80
70.00	 -21.90	 25.50
69.30	 -23.50	 26.80
69.70	 -22.20	 26.80
69.10	 -23.50	 26.20
69.60	 -23.10	 26.70
70.00	 -23.50	 27.00
69.90	 -24.00	 25.80
69.10	 -23.70	 25.30
69.70	 -23.10	 25.30
68.40	 -23.80	 25.30
70.20	 -24.40	 25.60
69.00	 -23.70	 24.90
68.80	 -24.30	 25.60
69.60	 -24.90	 25.60
69.30	 -24.60	 24.40
69.70	 -24.60	 24.90
69.70	 -24.90	 24.60
69.10	 -24.40	 24.90
69.60	 -24.10	 24.60
68.80	 -24.40	 24.90
69.30	 -24.60	 24.10
68.80	 -24.40	 24.40
69.10	 -25.00	 25.80
69.10	 -24.90	 24.00
69.60	 -25.00	 24.30
68.50	 -24.90	 24.30
69.60	 -24.90	 25.00
69.00	 -25.60	 24.00
69.90	 -25.60	 24.00
69.30	 -24.60	 24.60
69.00	 -25.00	 24.70
68.10	 -25.00	 24.60
68.20	 -24.70	 24.10
70.00	 -25.50	 24.00
69.00	 -25.20	 24.30
69.30	 -25.60	 24.10
70.00	 -24.30	 24.00
69.90	 -24.90	 23.80
68.80	 -25.60	 23.70
69.30	 -25.00	 24.00
68.80	 -25.20	 24.60
68.70	 -25.20	 24.30
69.90	 -24.30	 24.00
69.10	 -25.20	 24.10
69.00	 -24.90	 23.70
69.70	 -25.80	 24.40
68.80	 -24.40	 23.70
69.30	 -24.60	 23.70
69.10	 -25.60	 23.50
69.60	 -25.00	 23.80
69.40	 -25.20	 23.50
70.00	 -24.70	 22.90
68.70	 -24.70	 24.30
69.70	 -25.50	 23.10
69.60	 -25.00	 23.10
69.00	 -25.00	 23.50
69.10	 -25.20	 23.50
69.40	 -24.60	 23.50
69.90	 -24.30	 24.00
70.50	 -24.40	 23.50
69.90	 -25.50	 23.70
69.70	 -25.20	 23.70
69.00	 -25.50	 23.70
70.00	 -24.70	 23.70
68.80	 -25.90	 23.50
69.40	 -25.30	 23.50
69.90	 -25.30	 23.40
70.30	 -25.90	 24.00
69.60	 -25.50	 23.10
69.40	 -25.50	 23.50
69.90	 -25.60	 22.50
69.90	 -25.20	 22.90
69.30	 -25.80	 22.50
69.70	 -25.00	 23.70
69.30	 -24.70	 22.80
69.10	 -25.00	 23.20
70.30	 -25.00	 22.90
69.90	 -24.40	 24.10
69.90	 -25.20	 22.80
69.70	 -24.90	 23.10
69.60	 -25.30	 23.10
70.50	 -25.90	 22.60
69.70	 -25.50	 22.30
70.30	 -25.50	 22.60
70.20	 -26.10	 22.80
69.70	 -25.90	 22.50
69.10	 -25.20	 23.40
69.90	 -25.50	 22.80
69.60	 -25.30	 22.20
69.70	 -24.70	 22.20
70.00	 -25.60	 22.90
70.20	 -25.00	 22.90
69.60	 -25.30	 22.20
70.20	 -25.50	 21.70
69.60	 -25.00	 21.90
69.10	 -25.00	 22.20
69.90	 -24.90	 22.80
70.00	 -25.20	 22.80
69.40	 -25.80	 22.00
70.20	 -24.70	 22.20
69.90	 -25.90	 21.90
69.00	 -25.30	 21.70
70.50	 -25.00	 21.40
69.60	 -25.30	 22.30
69.90	 -24.70	 21.70
